1	504	E	2	2
1	885	L	1	1
1	851	E	1	1
1	573	D	1	0
1	824	I	1	1
1	873	E	1	1
1	667	I	1	1
1	704	D	2	2
1	826	T	1	2
1	625	F	1	1
1	474	Q	1	1
1	865	D	1	1
1	618	N	1	1
1	614	G	1	1
1	632	E	1	1
1	561	A	1	1
1	493	G	2	1
1	891	I	1	1
1	460	D	1	1
1	510	D	1	1
1	733	L	1	1
1	466	P	1	1
1	890	A	1	1
1	803	E	3	4
1	567	R	2	2
1	509	A	1	1
1	726	A	1	1
1	610	Q	1	1
1	611	Y	2	2
1	614	T	1	1
1	483	Q	1	1
1	611	L	2	2
1	466	F	1	1
1	503	R	1	1
1	571	V	1	1
1	585	S	1	1
1	625	L	2	2
1	528	S	2	1
1	503	S	1	1
1	869	R	4	3
1	850	G	1	1
1	636	A	1	0
1	554	A	1	1
1	723	T	1	1
1	491	S	1	1
1	616	L	1	1
1	471	G	1	1
1	813	R	1	0
1	829	A	1	1
1	869	M	1	1
1	636	M	1	1
1	539	V	1	1
1	778	V	1	1
1	896	V	1	2
1	807	L	1	1
1	705	R	1	1
1	539	T	1	1
1	707	A	2	2
1	471	S	1	1
1	803	V	1	1
1	631	L	2	2
1	556	R	1	1
1	620	Y	1	1
1	901	V	1	1
1	852	G	2	2
1	572	Q	2	2
1	801	I	2	2
1	554	G	2	3
1	822	L	1	1
1	564	R	1	1
1	514	V	1	1
1	462	P	1	1
1	892	G	1	1
1	761	P	1	1
1	454	E	1	1
1	620	F	1	1
1	464	G	1	1
1	524	P	1	1
1	658	N	1	1
1	880	I	1	1
1	813	G	1	1
1	517	R	1	1
1	590	K	1	1
1	749	F	1	1
1	855	A	2	1
1	771	T	1	1
1	852	H	1	1
1	861	K	1	0
1	896	Q	1	1
1	735	D	1	1
1	744	S	1	1
1	509	Q	2	2
1	811	A	1	1
1	696	S	2	2
1	858	K	1	1
1	711	S	1	1
1	546	A	1	1
1	806	T	1	1
1	459	T	1	1
1	505	S	1	1
1	788	E	1	1
1	797	T	1	1
1	585	G	1	1
1	723	F	1	1
1	589	R	1	1
1	474	K	1	1
1	726	D	1	1
1	723	M	1	1
1	907	H	1	1
1	836	D	1	1
1	504	H	1	1
1	471	A	1	1
1	882	D	1	1
1	620	A	1	1
1	550	R	1	1
1	467	A	1	1
1	474	L	1	1
1	466	A	1	1
1	493	D	1	1
1	557	N	1	1
1	744	F	1	1
1	554	L	2	2
1	584	R	1	1
1	471	K	2	3
1	474	G	1	1
1	869	N	1	1
1	831	L	1	1
1	636	S	2	2
1	577	V	2	2
1	614	S	2	2
1	859	R	2	2
1	554	P	1	1
1	839	A	1	1
1	842	G	1	1
1	589	A	1	1
1	662	H	1	1
1	818	R	1	1
1	796	G	1	1
1	842	S	1	1
1	712	G	2	2
1	901	I	1	1
1	813	K	3	3
1	623	K	1	1
1	588	K	3	3
1	744	H	1	1
1	626	T	1	1
1	880	M	1	1
1	468	K	1	1
1	620	I	1	1
1	722	T	1	1
1	476	N	1	1
1	630	A	2	2
1	826	F	1	1
1	864	H	2	2
1	842	M	1	1
1	526	A	1	1
1	860	N	1	1
1	801	Q	1	1
1	799	R	1	0
1	533	F	1	1
1	521	V	1	1
1	813	A	1	1
1	796	T	2	2
1	557	K	1	0
1	632	R	1	1
1	575	S	1	1
1	696	T	1	1
1	518	M	3	3
1	539	F	1	1
1	802	M	1	0
1	501	Q	1	1
1	626	E	1	1
1	803	D	1	0
1	722	I	4	4
1	902	S	2	2
1	748	D	2	2
1	632	W	1	1
1	882	A	1	1
1	814	Y	1	1
1	652	P	1	1
1	611	V	1	1
1	616	H	1	1
1	850	T	1	1
1	487	K	2	2
1	588	S	2	2
1	869	V	1	1
1	567	A	1	1
1	814	M	1	1
1	858	D	1	1
1	826	V	5	5
1	464	Q	1	1
1	862	V	1	1
1	813	E	1	1
1	855	R	1	1
1	796	D	1	1
1	492	R	1	1
1	675	D	1	1
1	618	A	1	1
1	491	A	1	1
1	503	P	1	1
1	645	A	1	1
1	620	L	1	1
1	530	R	1	1
1	897	I	1	1
1	579	T	1	1
1	780	T	1	1
1	799	Q	1	1
1	710	R	1	1
1	801	A	1	1
1	803	R	1	1
1	512	R	1	1
1	896	P	3	3
1	573	G	1	1
1	584	T	1	1
1	554	K	2	2
1	848	T	1	1
1	584	S	2	1
1	704	S	1	1
1	460	G	2	2
1	554	S	1	1
1	869	D	1	1
1	770	A	1	1
1	841	T	1	1
1	859	G	1	1
1	851	D	3	3
1	809	T	1	1
1	743	K	1	1
1	622	S	1	1
1	896	G	1	1
1	554	Q	2	2
1	615	S	1	1
1	489	L	1	1
1	878	Q	1	1
1	495	S	1	1
1	616	R	2	2
1	851	H	1	1
1	518	F	1	1
1	625	I	2	2
1	842	T	2	2
1	585	A	2	2
1	704	Q	1	1
1	852	E	2	2
1	501	C	1	1
1	715	T	1	1
1	579	P	1	1
1	579	G	1	1
1	796	I	1	1
1	474	I	1	1
1	690	V	1	1
1	495	L	1	1
1	584	C	1	1
1	585	E	3	3
1	806	L	1	1
1	632	D	1	1
1	818	D	3	3
1	750	K	1	1
1	810	Q	1	1
1	561	T	1	1
1	576	G	1	1
1	850	P	2	2
1	813	S	1	1
1	561	L	1	1
1	483	D	1	1
1	806	Y	1	1
1	569	V	1	1
1	642	A	1	1
1	864	S	2	2
1	471	I	1	1
1	865	K	1	1
1	809	V	4	4
1	487	L	1	1
1	630	E	1	1
1	906	M	1	1
1	851	V	1	0
1	508	N	1	1
1	750	D	2	2
1	826	L	1	1
1	864	V	1	1
1	603	N	1	1
1	622	H	1	1
1	630	K	1	1
1	858	A	1	1
1	890	S	1	1
1	731	V	1	1
1	803	N	2	2
1	466	M	3	3
1	573	T	1	1
1	572	D	1	1
1	662	N	1	1
1	620	T	3	3
1	495	A	1	1
1	713	R	1	1
1	484	D	1	1
1	618	L	1	1
1	803	K	1	1
1	731	K	1	1
1	550	T	1	1
1	513	N	2	2
1	896	T	3	3
1	855	K	1	1
1	557	S	1	1
1	630	P	1	1
1	723	V	3	3
1	495	Y	1	1
1	533	V	1	1
1	486	K	1	1
1	668	I	1	1
1	503	L	2	2
1	896	N	1	1
1	474	P	1	1
1	526	S	1	1
1	801	L	1	1
1	626	N	2	2
1	852	D	1	0
1	589	M	1	1
1	584	V	5	5
1	614	E	1	1
1	696	V	1	1
1	517	S	1	1
1	623	D	1	1
1	585	N	3	2
1	633	L	1	1
1	843	A	1	1
1	858	E	1	1
1	852	V	1	1
1	852	R	1	1
1	588	A	1	1
1	871	F	1	1
1	811	L	1	1
1	555	I	3	3
1	518	V	1	1
1	799	N	1	1
1	640	K	1	1
1	539	P	2	2
1	521	T	2	2
1	899	S	1	1
1	495	M	1	1
1	878	R	2	2
1	604	K	1	1
1	886	W	1	0
1	528	H	1	1
1	459	G	1	1
1	585	T	1	1
1	526	R	1	0
1	627	D	1	1
1	464	E	1	1
1	869	E	2	2
1	455	V	1	1
1	723	L	3	2
1	907	D	1	1
1	622	R	1	1
1	517	A	2	2
1	814	D	2	2
1	799	T	1	1
1	837	E	1	1
1	509	K	1	1
1	525	H	1	1
1	905	K	1	1
1	509	D	1	1
1	595	N	1	1
1	770	K	1	1
1	707	I	1	1
1	616	N	1	1
1	519	Y	1	1
1	626	R	1	1
1	684	G	1	1
1	530	W	1	1
1	847	W	1	1
1	904	T	1	1
1	471	R	1	1
1	625	S	2	2
1	814	G	1	1
1	456	W	1	1
1	864	C	1	1
1	744	A	1	1
1	614	A	1	1
1	555	A	1	1
1	730	G	1	1
1	814	K	1	1
1	631	R	1	1
1	472	C	1	1
1	802	F	1	1
1	754	L	1	1
1	480	D	1	1
1	803	Q	1	0
1	626	Q	1	1
1	460	E	5	5
1	484	S	1	1
1	514	I	1	1
1	518	Q	1	1
1	810	S	1	1
1	460	N	1	2
1	584	W	1	1
1	811	V	1	1
1	643	R	1	1
1	557	R	5	5
1	816	C	1	1
1	546	I	1	1
1	786	Y	1	1
1	745	T	1	1
1	589	E	1	1
1	800	Q	1	1
1	862	L	1	1
1	802	L	1	1
1	705	S	2	1
1	657	V	1	1
1	627	A	2	2
1	672	L	1	1
1	775	M	1	1
1	573	S	1	1
1	806	I	1	1
1	696	G	1	1
1	662	E	1	1
1	557	Q	1	1
1	594	N	1	1
1	800	Y	1	1
1	906	V	1	1
1	870	M	1	1
1	722	V	1	1
1	561	G	1	1
1	599	V	1	1
1	835	R	1	1
1	802	V	1	1
1	704	N	1	4
1	492	F	1	1
1	818	N	1	1
1	460	Y	1	2
1	858	G	1	1
1	813	L	1	1
1	814	I	1	1
1	526	T	1	1
1	851	G	1	1
1	618	H	1	1
1	614	V	1	1
1	868	N	1	1
1	826	M	1	1
1	869	S	1	1
1	701	Y	1	1
1	618	C	1	1
1	622	T	1	1
1	603	Q	1	1
1	811	M	1	0
1	862	S	1	1
1	509	V	1	1
1	896	A	1	2
1	744	I	1	1
1	537	V	2	2
1	710	D	1	1
1	783	S	1	1
1	620	G	2	2
1	901	P	1	0
1	557	H	1	1
1	579	C	1	1
1	854	Q	1	1
1	576	P	1	1
1	493	Q	3	3
1	770	R	1	1
1	864	F	3	3
1	656	L	1	1
1	795	S	1	1
1	872	R	1	1
1	588	H	1	1
1	465	I	1	1
1	664	M	1	1
1	618	E	1	1
1	878	E	3	3
1	589	T	1	1
1	579	K	1	1
1	665	N	3	3
1	763	L	1	1
1	513	E	2	2
1	572	K	1	1
1	851	Q	1	1
1	617	M	1	1
1	501	Y	1	1
1	584	A	2	2
1	818	Q	1	1
1	460	H	2	2
2	491	M	1	1
2	864	L	1	2
2	687	G	1	1
2	692	E	1	1
2	864	P	1	1
2	573	L	1	1
2	630	H	3	2
2	556	D	1	1
2	799	R	1	1
2	620	R	1	1
2	509	R	1	1
2	865	D	1	1
2	674	E	1	1
2	596	D	1	1
2	750	L	1	1
2	905	H	1	1
2	826	L	2	2
2	749	A	1	1
2	579	S	2	2
2	561	A	1	1
2	636	K	1	1
2	585	E	3	3
2	733	S	1	1
2	539	N	1	1
2	813	R	1	3
2	665	A	1	1
2	784	M	1	1
2	620	Y	1	1
2	555	I	1	1
2	862	N	1	1
2	528	H	1	1
2	557	S	1	1
2	626	Q	1	1
2	846	N	1	1
2	892	K	1	1
2	731	M	1	1
2	738	V	1	1
2	860	P	1	1
2	591	T	1	0
2	726	E	1	1
2	614	V	1	1
2	539	P	2	1
2	495	S	2	2
2	554	R	0	1
2	488	T	1	1
2	840	S	1	1
2	733	I	1	1
2	818	G	1	1
2	557	P	1	1
2	544	H	1	1
2	630	G	1	1
2	680	G	1	1
2	562	I	1	1
2	485	Q	1	1
2	896	A	5	5
2	839	V	1	1
2	813	K	1	1
2	806	M	1	1
2	486	G	1	1
2	618	N	1	1
2	706	E	1	1
2	578	L	1	1
2	576	G	1	1
2	852	N	1	1
2	859	Q	1	1
2	633	I	2	2
2	799	T	1	1
2	852	L	1	1
2	710	R	1	1
2	474	K	1	1
2	554	I	1	0
2	540	S	1	1
2	477	T	1	1
2	801	D	1	1
2	722	I	1	4
2	906	V	1	1
2	527	E	1	1
2	906	N	1	1
2	491	N	1	1
2	800	Q	1	1
2	650	A	1	1
2	854	R	1	1
2	630	I	1	1
2	622	L	1	1
2	878	R	2	2
2	468	I	1	1
2	519	N	1	1
2	851	S	1	1
2	572	N	1	1
2	859	D	1	1
2	878	N	1	1
2	773	T	1	1
2	584	M	1	1
2	521	L	1	1
2	803	Q	1	1
2	784	S	1	1
2	623	A	1	1
2	474	A	1	1
2	557	R	2	2
2	679	H	1	1
2	726	S	1	1
2	880	I	1	1
2	611	Y	3	3
2	855	T	2	2
2	869	V	2	2
2	471	T	1	0
2	554	L	1	1
2	504	E	1	1
2	630	K	1	1
2	826	D	1	1
2	501	L	1	1
2	487	H	1	1
2	750	D	1	1
2	818	N	1	1
2	612	N	1	1
2	630	N	2	2
2	855	S	1	1
2	471	R	1	1
2	722	R	1	1
2	869	I	1	1
2	813	Q	1	0
2	837	N	2	2
2	625	I	2	2
2	466	P	1	1
2	474	G	2	2
2	538	A	1	1
2	672	I	1	1
2	526	A	1	1
2	474	R	1	2
2	887	H	1	1
2	717	L	1	1
2	787	F	1	1
2	770	A	1	1
2	532	N	1	1
2	618	F	1	1
2	471	S	1	1
2	856	Y	1	1
2	585	A	1	1
2	504	K	1	0
2	664	T	1	1
2	896	T	2	2
2	829	A	1	1
2	581	P	1	1
2	505	S	1	1
2	615	R	1	1
2	896	F	1	1
2	907	F	1	1
2	627	L	1	1
2	864	F	1	1
2	726	A	1	1
2	801	T	1	1
2	726	V	1	1
2	851	D	1	1
2	460	N	2	2
2	744	Y	1	1
2	473	H	1	1
2	734	R	1	1
2	754	R	1	1
2	826	M	1	1
2	574	T	1	1
2	618	P	1	1
2	528	D	1	1
2	588	G	1	1
2	778	T	1	1
2	477	Q	1	1
2	585	G	1	0
2	554	K	1	1
2	722	L	1	1
2	896	G	2	2
2	493	K	1	1
2	890	H	1	1
2	681	G	1	1
2	584	T	1	1
2	859	G	2	2
2	554	F	1	1
2	601	Q	1	1
2	888	E	1	1
2	745	G	1	1
2	800	F	1	1
2	626	S	1	0
2	908	S	1	1
2	517	A	1	1
2	842	H	1	1
2	610	K	1	1
2	554	V	3	3
2	636	N	1	1
2	527	N	1	1
2	674	A	1	1
2	632	T	1	1
2	811	V	3	3
2	466	V	1	1
2	630	D	1	1
2	842	T	1	1
2	656	V	1	1
2	632	S	1	1
2	826	S	2	2
2	588	Q	1	1
2	462	Y	1	1
2	557	A	1	1
2	723	F	1	1
2	799	E	1	1
2	869	T	1	2
2	518	M	1	1
2	630	A	1	2
2	667	N	2	2
2	460	H	1	0
2	517	S	4	4
2	503	D	1	1
2	749	V	1	1
2	528	T	2	2
2	484	G	1	1
2	726	M	1	1
2	803	N	1	2
2	492	T	1	1
2	460	S	1	1
2	577	V	1	1
2	878	Q	1	1
2	896	V	1	1
2	620	N	2	2
2	698	S	1	1
2	509	Q	2	1
2	854	G	1	1
2	862	T	1	1
2	491	S	1	1
2	878	T	1	1
2	518	I	2	2
2	555	A	1	1
2	584	L	2	3
2	523	V	1	1
2	655	F	1	1
2	571	F	1	1
2	665	P	1	1
2	612	D	1	1
2	597	M	1	0
2	533	S	1	1
2	895	E	1	1
2	620	K	1	1
2	472	F	1	1
2	460	R	1	1
2	482	L	1	1
2	789	E	1	1
2	827	E	1	1
2	627	G	1	1
2	629	R	1	1
2	802	V	2	2
2	704	K	1	1
2	497	E	1	1
2	551	C	1	1
2	697	S	1	1
2	850	P	2	2
2	759	V	1	1
2	695	L	1	1
2	579	V	2	2
2	626	D	1	1
2	562	F	1	1
2	616	N	2	2
2	826	I	1	1
2	509	D	1	1
2	556	N	1	1
2	852	A	2	2
2	540	T	1	1
2	460	G	1	1
2	519	D	2	2
2	575	S	1	1
2	723	S	1	2
2	843	A	1	1
2	723	T	1	1
2	708	N	1	1
2	620	T	1	1
2	566	Q	1	1
2	519	Q	1	1
2	749	I	1	1
2	803	D	4	4
2	723	K	1	1
2	837	G	1	1
2	633	A	1	1
2	810	D	1	1
2	708	G	1	1
2	869	W	1	1
2	696	G	2	2
2	590	K	1	1
2	801	M	1	1
2	720	N	1	1
2	745	I	1	1
2	876	A	1	1
2	556	E	1	1
2	652	A	1	1
2	465	A	1	0
2	585	K	1	1
2	622	T	1	1
2	588	I	1	1
2	779	S	1	1
2	726	R	1	1
2	514	S	1	1
2	711	T	1	1
2	855	G	1	1
2	460	V	2	2
2	454	V	1	1
2	464	Q	1	1
2	890	Q	1	1
2	809	A	4	4
2	584	I	1	1
2	748	V	1	1
2	892	G	1	1
2	514	T	1	1
2	503	I	1	1
2	665	T	1	1
2	625	M	1	1
2	590	Q	1	1
2	906	H	1	1
2	471	G	1	1
2	578	I	1	1
2	620	V	1	1
2	698	Q	1	1
2	810	Y	1	1
2	623	D	1	1
2	669	K	1	1
2	663	N	1	1
2	704	T	1	2
2	614	R	1	1
2	809	E	1	1
2	852	C	2	2
2	591	V	1	1
2	533	L	1	2
2	585	N	1	1
2	552	D	1	1
2	803	M	1	1
2	813	E	1	1
2	618	C	1	1
2	731	S	1	1
2	817	S	1	1
2	722	A	1	1
2	647	Q	1	1
2	723	V	2	2
2	809	I	2	3
2	503	Y	2	2
2	696	D	1	1
2	826	V	5	5
2	665	Y	2	2
2	618	L	1	1
2	809	S	1	1
2	852	T	1	1
2	630	V	1	1
2	704	N	1	1
2	557	N	2	2
2	896	N	1	1
2	829	C	1	1
2	811	T	1	1
2	554	G	1	1
2	754	L	3	3
2	868	R	1	1
2	588	K	6	6
2	548	Q	1	1
2	471	A	1	2
2	630	L	1	3
2	623	S	1	1
2	859	R	3	3
2	806	I	1	1
2	864	I	1	1
2	460	T	1	1
2	822	L	1	1
2	464	E	3	3
2	471	D	2	2
2	660	A	1	1
2	526	C	1	1
2	577	G	1	1
2	468	L	1	1
2	539	A	2	2
2	526	P	1	1
2	584	V	9	9
2	878	E	2	2
2	855	A	3	3
2	704	Q	2	2
2	618	S	1	1
2	537	G	1	1
2	503	Q	1	1
2	842	S	1	1
2	722	S	1	1
2	754	T	1	1
2	859	N	1	1
2	723	L	2	2
2	813	H	1	1
2	459	Q	1	0
2	632	R	1	1
2	906	P	1	1
2	679	E	1	1
2	662	Q	1	1
2	503	K	2	2
2	493	D	1	1
2	769	L	1	1
2	652	V	1	1
2	484	D	2	2
2	802	T	1	1
2	471	C	1	1
2	813	T	1	1
2	528	S	1	1
2	489	M	1	1
2	782	M	1	1
2	519	Y	1	1
2	849	A	1	1
2	813	G	1	1
2	636	A	1	1
2	814	G	2	2
2	504	N	1	1
2	852	P	1	1
2	474	V	1	1
2	828	I	1	1
2	577	T	1	1
2	707	I	1	1
2	605	R	1	1
2	877	L	1	1
2	466	E	1	1
2	744	M	1	1
2	865	Q	1	1
2	511	E	1	1
2	704	L	1	1
2	726	I	1	1
2	826	A	1	1
2	607	E	1	1
2	620	Q	1	1
2	645	I	2	2
2	690	A	1	1
2	690	S	1	1
2	551	T	1	1
2	869	R	1	1
2	572	D	3	3
2	880	A	1	1
2	630	E	1	2
2	869	N	1	1
2	495	M	1	1
2	852	S	1	2
2	554	M	1	1
2	645	T	1	1
2	803	A	1	1
2	622	S	1	1
2	503	A	1	1
2	896	P	1	1
2	864	H	1	1
2	532	F	1	1
2	630	M	1	1
2	663	S	1	1
2	634	E	1	1
2	579	E	1	1
2	846	S	1	1
2	509	S	1	1
2	794	S	1	1
2	493	N	1	1
2	517	I	1	1
2	852	E	1	1
2	869	S	2	4
2	509	N	1	1
2	803	L	1	1
2	709	S	2	2
2	460	E	5	5
2	553	N	1	1
2	901	F	1	1
2	605	E	1	1
2	533	V	1	1
2	492	F	1	1
2	482	T	1	1
2	474	D	2	2
2	482	E	1	1
2	770	L	1	1
2	766	T	1	1
2	873	N	1	1
2	818	D	1	1
2	737	E	1	1
2	809	V	1	0
2	705	L	1	1
2	518	S	1	1
2	503	R	2	2
2	620	G	1	1
2	869	K	1	1
2	620	A	3	3
2	633	H	1	1
2	869	A	4	4
2	622	V	1	1
2	695	M	1	1
2	626	R	1	1
2	801	I	1	1
2	665	D	1	1
2	803	E	1	1
2	758	T	1	1
2	813	L	1	1
2	818	Q	1	1
2	630	T	1	1
2	576	T	1	1
2	519	L	1	1
2	518	N	1	1
3	705	S	1	1
3	707	S	1	1
3	662	N	1	1
3	843	F	2	3
3	869	P	1	1
3	556	V	1	1
3	855	V	1	1
3	842	V	1	1
3	474	G	1	1
3	722	M	1	1
3	826	Y	1	1
3	896	Q	2	2
3	507	H	2	2
3	471	I	1	1
3	623	G	1	1
3	662	D	1	1
3	516	E	1	1
3	461	S	1	1
3	627	M	1	1
3	554	S	1	1
3	704	R	1	1
3	869	E	2	2
3	468	N	1	1
3	464	H	1	1
3	806	L	2	2
3	741	F	1	1
3	609	S	1	1
3	665	P	1	1
3	610	G	1	1
3	639	R	1	1
3	611	N	1	1
3	577	Q	1	1
3	852	N	1	2
3	620	N	1	1
3	472	F	1	1
3	818	D	3	2
3	467	G	1	1
3	503	C	1	1
3	878	L	1	0
3	553	S	1	1
3	560	F	1	1
3	852	E	6	6
3	512	Q	1	1
3	861	H	1	1
3	623	E	1	1
3	841	S	1	2
3	775	V	1	1
3	890	Q	1	1
3	810	Y	1	1
3	665	Y	1	1
3	616	L	1	1
3	574	E	1	1
3	615	G	1	1
3	588	C	1	1
3	491	I	2	2
3	786	Y	1	1
3	614	D	1	1
3	627	C	1	1
3	770	D	1	1
3	533	A	1	1
3	829	A	1	1
3	557	Q	2	2
3	723	F	1	1
3	611	I	1	1
3	573	G	1	1
3	689	A	1	1
3	517	A	2	2
3	484	K	1	1
3	722	I	1	4
3	854	R	1	1
3	782	A	1	1
3	806	A	1	1
3	620	Y	1	0
3	717	I	1	1
3	745	G	1	1
3	632	W	1	1
3	861	K	1	1
3	471	A	1	1
3	495	V	1	1
3	871	F	1	1
3	744	F	1	1
3	504	N	1	1
3	572	D	1	1
3	623	S	1	1
3	712	S	1	1
3	482	A	1	1
3	584	T	1	1
3	537	G	1	1
3	809	V	2	2
3	788	P	1	1
3	707	I	2	2
3	561	G	1	1
3	639	Q	1	1
3	474	A	1	1
3	528	G	1	1
3	882	D	1	1
3	726	D	1	1
3	585	E	6	5
3	858	D	1	2
3	898	V	1	1
3	620	P	1	1
3	817	D	1	1
3	684	D	1	1
3	803	D	4	4
3	818	A	1	1
3	731	T	1	1
3	466	S	1	1
3	588	T	1	1
3	474	D	5	5
3	841	N	1	1
3	466	Q	1	1
3	620	G	1	1
3	540	A	1	1
3	466	V	3	3
3	632	Q	1	1
3	503	Y	1	1
3	731	V	1	1
3	852	H	1	1
3	585	I	1	1
3	528	T	1	1
3	460	E	3	3
3	693	H	1	1
3	503	S	1	1
3	842	K	1	1
3	652	I	1	1
3	589	S	1	1
3	708	G	1	1
3	477	G	1	1
3	635	F	1	1
3	760	R	1	1
3	878	I	1	1
3	573	S	1	1
3	629	R	1	0
3	802	T	1	1
3	813	Q	0	1
3	626	F	1	1
3	726	Q	1	2
3	827	N	1	1
3	696	M	1	1
3	553	A	1	1
3	896	I	1	2
3	460	K	1	1
3	579	P	2	2
3	764	R	1	1
3	817	I	1	1
3	811	T	2	2
3	818	E	1	1
3	476	A	1	1
3	539	P	1	1
3	850	P	1	1
3	831	L	1	1
3	620	A	1	1
3	863	T	1	1
3	492	P	1	1
3	577	E	1	1
3	787	Q	1	1
3	806	V	1	1
3	498	K	1	1
3	850	E	1	1
3	865	K	1	1
3	584	M	1	1
3	774	T	1	1
3	852	G	1	1
3	859	E	1	1
3	614	Q	1	1
3	572	S	1	1
3	484	D	1	1
3	490	V	1	1
3	648	S	2	2
3	724	S	1	1
3	853	S	1	1
3	527	S	1	1
3	527	A	1	1
3	518	F	1	1
3	518	Q	1	1
3	630	H	1	1
3	899	N	1	1
3	722	A	1	1
3	907	A	1	1
3	733	Y	1	0
3	691	F	1	1
3	823	C	1	1
3	519	Q	1	1
3	869	R	2	2
3	862	S	1	2
3	778	V	1	1
3	592	G	1	1
3	585	V	2	2
3	772	M	1	1
3	620	E	1	1
3	843	L	1	0
3	813	G	1	1
3	858	Q	1	1
3	896	V	1	1
3	625	V	1	0
3	497	R	1	1
3	526	A	1	2
3	723	M	1	1
3	826	M	1	1
3	722	C	1	1
3	626	A	1	1
3	709	L	1	1
3	723	A	2	2
3	623	D	2	2
3	487	R	1	1
3	873	E	1	1
3	518	W	1	1
3	473	P	1	1
3	854	F	1	1
3	625	M	1	1
3	588	S	1	1
3	616	K	2	2
3	625	I	1	1
3	717	E	1	1
3	803	K	1	1
3	903	A	1	1
3	744	M	1	1
3	869	N	1	1
3	723	I	1	1
3	708	C	1	1
3	603	E	2	2
3	707	H	1	1
3	486	T	1	1
3	859	Q	2	3
3	845	E	1	1
3	569	K	1	1
3	860	P	1	1
3	554	G	1	1
3	675	S	1	1
3	729	K	1	1
3	509	I	1	1
3	820	Q	1	1
3	881	T	1	1
3	850	L	1	1
3	685	C	1	1
3	810	Q	1	1
3	906	T	1	1
3	813	T	2	2
3	511	L	1	1
3	527	E	1	1
3	503	Q	1	1
3	873	R	1	1
3	859	T	1	1
3	691	S	1	1
3	710	E	1	1
3	587	F	1	1
3	855	S	3	3
3	513	E	1	0
3	552	I	1	1
3	837	A	1	1
3	772	Q	1	1
3	557	E	1	1
3	557	L	1	1
3	588	N	1	1
3	572	A	1	1
3	855	N	1	1
3	813	A	1	0
3	539	A	2	2
3	504	G	1	1
3	588	R	1	1
3	814	A	1	1
3	555	S	1	1
3	528	H	1	1
3	855	L	1	2
3	826	S	1	1
3	854	L	1	1
3	765	Q	1	1
3	618	E	1	1
3	466	A	1	1
3	584	S	1	1
3	493	V	1	1
3	865	D	1	0
3	576	G	1	1
3	466	P	1	1
3	696	V	1	1
3	513	Y	1	1
3	766	A	1	1
3	619	R	1	1
3	862	D	2	2
3	836	A	1	1
3	523	Q	1	1
3	826	V	2	2
3	532	K	1	1
3	665	Q	1	1
3	629	K	1	2
3	850	Q	1	1
3	873	H	1	1
3	855	A	1	1
3	458	G	1	1
3	576	S	1	1
3	803	G	1	1
3	717	V	1	1
3	811	F	1	1
3	577	T	2	2
3	536	T	1	1
3	630	R	1	1
3	468	V	2	2
3	851	N	1	1
3	757	V	1	1
3	472	N	1	1
3	609	D	1	1
3	509	D	4	2
3	518	I	1	2
3	880	P	1	1
3	866	D	1	1
3	540	H	1	1
3	460	N	5	6
3	794	L	2	2
3	512	R	1	1
3	779	I	1	1
3	836	T	1	1
3	567	T	1	1
3	492	T	3	3
3	630	N	2	2
3	718	S	1	1
3	656	V	2	2
3	592	S	1	1
3	731	L	1	1
3	718	E	1	1
3	516	A	1	1
3	569	E	1	1
3	509	K	1	0
3	641	K	1	1
3	480	K	1	1
3	780	S	1	1
3	707	A	1	1
3	460	G	1	2
3	537	S	1	1
3	864	Q	1	1
3	517	K	1	1
3	557	N	1	1
3	488	D	1	1
3	629	G	1	1
3	892	H	1	1
3	709	A	1	1
3	509	E	1	1
3	906	P	1	1
3	484	A	1	1
3	585	G	1	1
3	496	K	1	1
3	474	K	1	1
3	626	R	1	1
3	497	Q	1	1
3	511	V	1	1
3	828	Q	1	1
3	771	N	1	1
3	604	E	1	1
3	472	G	1	1
3	469	V	1	0
3	705	T	1	1
3	814	E	1	1
3	878	K	0	1
3	896	R	1	1
3	813	P	1	1
3	880	F	1	1
3	513	A	1	1
3	501	L	2	2
3	616	N	1	1
3	611	Y	3	3
3	675	D	1	1
3	634	S	1	1
3	841	P	1	1
3	814	D	2	2
3	800	N	1	1
3	856	L	1	0
3	696	F	1	1
3	899	P	1	1
3	801	I	1	1
3	539	T	2	2
3	618	F	2	2
3	852	A	1	2
3	630	Y	1	2
3	557	S	1	2
3	854	G	1	1
3	813	D	2	2
3	880	S	1	1
3	690	A	1	1
3	471	S	3	3
3	803	A	1	1
3	588	V	1	1
3	555	I	1	1
3	578	F	1	1
3	896	A	1	2
3	862	P	1	1
3	474	P	1	1
3	460	P	1	1
3	878	V	3	3
3	864	F	3	3
3	557	A	2	1
3	588	I	1	1
3	851	K	1	1
3	859	N	1	1
3	518	M	1	1
3	873	P	1	1
3	503	E	1	1
3	818	R	1	1
3	554	K	5	5
3	810	N	1	1
3	514	I	3	3
3	810	R	1	1
3	538	K	1	0
3	633	I	1	1
3	869	Q	1	1
3	645	K	1	1
3	527	N	2	2
3	665	S	1	1
3	480	D	1	1
3	787	R	1	1
3	810	S	1	1
3	629	S	1	1
3	708	R	1	1
3	466	E	1	1
3	712	D	1	1
3	471	R	1	1
3	734	R	1	1
3	625	L	1	1
3	632	S	1	1
3	826	L	1	1
3	796	S	1	1
3	501	F	1	1
3	608	V	1	1
3	632	T	1	1
3	896	G	1	1
3	723	V	1	2
3	862	T	2	2
3	519	Y	1	1
3	726	K	1	1
3	557	R	1	1
3	768	E	1	1
3	744	P	2	2
3	637	L	1	1
3	802	V	1	1
3	903	P	1	1
3	826	G	1	1
3	569	N	1	1
3	459	C	1	1
3	517	S	1	1
3	802	F	1	1
3	855	G	1	1
3	513	L	1	1
3	474	Q	1	1
3	813	S	1	1
3	813	N	1	1
3	650	V	1	1
3	865	I	1	1
3	585	R	1	2
3	533	V	3	3
3	613	T	1	1
3	584	A	1	1
3	755	S	1	1
3	852	D	0	1
3	863	A	1	1
3	529	L	1	1
3	744	E	1	1
3	851	G	2	1
3	585	H	1	1
3	896	T	1	1
3	715	T	1	1
3	544	H	1	1
3	605	A	1	1
3	482	T	1	1
3	501	Q	1	1
3	705	L	2	2
3	617	E	1	1
3	796	P	1	1
3	509	G	1	1
3	534	V	1	1
3	503	P	1	2
3	665	T	1	1
3	749	S	1	1
3	474	V	1	1
3	555	M	1	1
3	803	Q	2	2
3	456	A	1	1
3	696	G	1	1
3	777	C	1	1
3	585	N	1	1
3	800	R	2	1
3	858	G	1	1
3	906	S	4	4
3	842	E	1	1
3	712	V	1	1
3	584	L	2	2
3	622	R	1	1
3	632	G	1	0
3	569	P	1	1
3	896	N	1	1
3	681	A	1	1
3	630	K	1	1
3	907	F	1	1
3	814	N	1	1
3	630	T	1	1
3	826	T	1	1
3	770	G	1	1
3	611	T	1	1
3	852	T	1	1
3	588	K	1	1
3	521	L	1	1
3	722	L	3	3
3	584	V	4	4
3	801	G	1	1
3	616	P	1	1
3	526	T	2	2
3	554	I	1	1
3	633	M	1	1
4	521	V	1	1
4	557	N	1	1
4	495	V	1	1
4	712	V	1	1
4	705	A	1	1
4	705	S	1	1
4	489	T	1	1
4	731	V	1	1
4	557	R	4	3
4	630	E	2	2
4	471	V	1	1
4	481	R	1	1
4	870	K	1	1
4	599	M	1	1
4	749	F	1	1
4	474	D	4	4
4	900	I	1	1
4	697	G	1	1
4	852	T	1	1
4	632	A	1	2
4	519	R	1	1
4	633	A	2	2
4	710	Q	1	1
4	617	R	1	1
4	540	H	1	1
4	903	N	1	1
4	752	A	1	1
4	460	E	4	4
4	584	V	3	3
4	588	L	1	1
4	574	E	2	2
4	811	L	2	2
4	554	Q	1	0
4	666	R	1	1
4	851	K	1	1
4	691	K	1	1
4	749	M	1	1
4	492	F	1	1
4	829	F	1	1
4	708	N	1	1
4	511	V	2	2
4	782	S	1	1
4	682	R	1	1
4	854	S	2	2
4	722	M	1	1
4	606	V	1	1
4	869	N	2	2
4	620	T	1	1
4	495	I	2	2
4	565	A	1	1
4	609	V	1	1
4	870	M	1	1
4	468	S	1	1
4	479	S	1	1
4	528	T	1	1
4	483	G	1	1
4	626	H	1	1
4	672	L	1	0
4	620	N	1	3
4	708	R	2	2
4	863	D	1	1
4	507	H	2	2
4	844	L	1	1
4	780	D	1	1
4	814	D	1	1
4	770	A	1	1
4	895	Q	1	1
4	639	R	1	1
4	554	P	1	1
4	466	Q	1	1
4	665	T	1	1
4	751	F	1	0
4	826	S	1	1
4	864	L	1	1
4	477	A	1	1
4	826	T	1	1
4	761	A	1	1
4	892	K	1	1
4	869	Q	1	1
4	518	M	1	1
4	569	S	1	1
4	519	S	1	1
4	599	V	2	2
4	503	R	1	1
4	627	A	1	1
4	658	C	1	1
4	518	V	2	2
4	503	D	2	2
4	588	T	2	2
4	626	Q	1	1
4	710	S	1	1
4	780	S	1	1
4	611	Y	2	2
4	623	D	3	3
4	471	K	1	1
4	656	E	1	1
4	674	R	1	1
4	723	L	2	1
4	625	I	1	1
4	906	T	2	2
4	503	A	1	1
4	663	F	1	1
4	539	L	2	2
4	632	L	2	3
4	855	R	2	2
4	614	Y	1	1
4	796	V	1	1
4	563	S	1	1
4	584	P	1	1
4	466	F	2	2
4	744	D	1	1
4	734	M	1	1
4	704	F	1	1
4	824	I	1	1
4	532	F	2	2
4	471	A	1	2
4	757	A	1	1
4	864	H	2	2
4	531	S	1	1
4	629	K	1	1
4	459	G	1	1
4	896	K	1	1
4	626	R	1	1
4	906	G	1	1
4	855	K	1	1
4	583	T	1	1
4	823	K	1	1
4	847	M	1	1
4	599	F	1	1
4	852	S	1	1
4	554	K	1	0
4	869	T	1	1
4	729	Q	1	1
4	754	V	2	2
4	526	P	1	1
4	813	T	1	1
4	553	N	1	1
4	460	K	1	1
4	656	V	2	2
4	722	E	1	1
4	710	V	1	1
4	859	R	5	4
4	709	A	1	1
4	722	I	1	4
4	878	V	1	1
4	526	L	1	1
4	620	F	1	1
4	801	E	1	1
4	705	N	1	1
4	475	M	1	1
4	527	A	1	1
4	901	P	1	1
4	712	L	1	1
4	636	I	1	1
4	618	S	1	1
4	564	M	1	1
4	799	R	2	2
4	852	A	1	1
4	564	P	1	1
4	684	S	1	1
4	511	A	1	1
4	464	E	1	1
4	789	A	1	1
4	460	P	1	1
4	491	I	1	1
4	632	P	1	1
4	533	M	1	1
4	590	S	1	1
4	585	E	4	3
4	874	I	1	1
4	471	Y	1	1
4	614	V	2	2
4	734	Q	1	1
4	813	S	1	2
4	770	D	1	1
4	616	G	1	0
4	632	G	0	1
4	468	T	1	1
4	818	D	1	1
4	487	G	2	2
4	554	H	1	1
4	691	M	1	1
4	503	S	2	1
4	797	R	1	1
4	633	I	1	1
4	878	E	3	3
4	803	Q	1	1
4	829	L	1	1
4	585	P	2	2
4	855	S	2	2
4	726	G	1	1
4	492	L	1	1
4	629	R	1	1
4	611	M	1	1
4	527	G	1	1
4	627	M	1	1
4	466	V	1	1
4	491	N	1	1
4	565	M	1	1
4	537	P	1	1
4	487	R	1	1
4	468	V	1	1
4	592	K	1	1
4	776	A	1	1
4	707	I	2	2
4	620	C	1	1
4	723	T	1	1
4	802	V	1	1
4	750	G	1	1
4	460	S	1	1
4	529	Y	1	1
4	517	V	1	1
4	750	D	1	1
4	852	N	1	4
4	843	V	1	1
4	813	A	2	2
4	528	M	1	1
4	469	N	1	1
4	578	I	2	1
4	619	N	1	1
4	630	H	2	2
4	856	C	1	1
4	901	F	1	1
4	632	V	1	0
4	559	M	1	1
4	692	A	1	1
4	469	V	1	1
4	896	V	1	2
4	517	M	1	1
4	471	S	3	3
4	880	V	1	1
4	896	E	1	1
4	630	L	1	1
4	722	L	3	3
4	858	D	1	1
4	503	F	1	1
4	674	E	1	0
4	811	V	1	1
4	509	Q	1	1
4	662	N	1	1
4	794	Y	1	1
4	749	V	1	1
4	854	G	1	1
4	579	P	2	2
4	826	L	2	2
4	514	L	2	2
4	696	Q	1	1
4	811	T	1	1
4	888	R	1	1
4	557	L	1	1
4	554	N	3	3
4	503	E	1	1
4	627	G	1	1
4	528	D	1	0
4	588	K	1	5
4	474	A	1	1
4	460	D	2	2
4	515	H	1	1
4	457	R	1	1
4	851	G	1	1
4	619	Q	1	1
4	533	S	1	1
4	509	D	5	5
4	869	R	2	2
4	584	A	1	2
4	630	T	1	1
4	590	V	1	1
4	550	Y	1	1
4	859	N	3	3
4	497	N	1	1
4	518	S	1	1
4	765	A	1	1
4	851	D	1	1
4	626	E	1	1
4	880	M	2	2
4	557	T	1	1
4	526	A	1	1
4	855	E	1	1
4	466	I	2	2
4	803	N	1	1
4	864	T	1	1
4	695	D	1	0
4	622	S	1	1
4	903	T	1	1
4	474	E	1	1
4	518	Q	1	1
4	809	C	1	1
4	890	K	2	2
4	715	V	1	1
4	469	L	2	2
4	576	E	1	1
4	836	A	1	1
4	862	T	1	1
4	800	L	1	0
4	862	R	1	1
4	557	D	1	1
4	803	G	1	2
4	723	V	7	7
4	633	P	1	1
4	682	D	1	1
4	528	A	1	1
4	892	Q	1	1
4	896	I	1	2
4	474	Q	1	1
4	600	V	1	1
4	577	F	1	1
4	620	H	1	1
4	474	G	1	2
4	744	R	1	1
4	466	M	1	1
4	659	K	1	1
4	861	I	1	1
4	704	L	1	1
4	474	S	1	1
4	519	D	1	1
4	722	V	1	1
4	474	R	1	1
4	789	V	1	1
4	852	F	1	1
4	859	Q	1	1
4	554	A	1	1
4	553	R	1	1
4	507	E	1	1
4	509	V	1	1
4	471	T	1	1
4	631	H	1	1
4	896	P	2	1
4	551	Q	1	1
4	658	A	1	1
4	503	Y	1	1
4	776	H	1	1
4	648	S	1	1
4	513	D	1	1
4	808	G	1	1
4	723	A	2	2
4	764	Q	1	1
4	475	V	1	1
4	577	T	1	1
4	629	M	1	1
4	482	A	1	1
4	622	E	1	1
4	630	I	1	1
4	878	L	1	1
4	773	P	1	1
4	691	I	1	1
4	467	E	1	1
4	826	F	1	1
4	576	V	1	1
4	584	T	3	3
4	818	G	1	1
4	480	M	1	1
4	579	G	1	1
4	513	Q	1	1
4	796	I	1	1
4	588	P	1	1
4	908	A	1	1
4	850	P	1	1
4	899	S	1	1
4	627	I	2	1
4	826	V	3	2
4	573	G	1	1
4	501	L	1	1
4	460	N	1	2
4	662	E	1	1
4	480	G	1	1
4	786	Y	1	1
4	618	W	1	1
4	745	K	1	1
4	464	Q	1	1
4	855	Q	1	1
4	540	T	1	1
4	886	F	1	1
4	829	I	2	2
4	632	S	1	0
4	802	R	1	1
4	488	A	1	1
4	665	D	1	1
4	708	I	1	1
4	518	I	1	1
4	620	E	2	1
4	471	R	1	1
4	522	G	1	1
4	518	R	1	1
4	850	N	1	1
4	818	Q	1	1
4	855	L	2	2
4	903	F	1	1
4	625	G	1	1
4	471	I	1	1
4	606	N	1	1
4	830	D	1	1
4	875	V	1	1
4	794	H	1	1
4	588	Y	1	1
4	620	G	1	1
4	554	R	2	3
4	814	R	1	1
4	810	N	1	1
4	826	N	1	1
4	510	K	1	1
4	842	T	2	2
4	837	E	2	2
4	563	Q	1	1
4	462	T	1	1
4	826	D	1	1
4	539	A	1	1
4	632	I	3	2
4	879	E	1	1
4	526	T	1	1
4	618	V	1	1
4	680	N	1	1
4	850	T	1	1
4	801	M	1	1
4	847	F	1	1
4	861	K	1	1
4	852	E	2	2
4	589	D	3	3
4	488	T	1	1
4	620	A	1	1
4	572	Q	1	1
4	852	M	1	1
4	908	K	1	1
4	672	M	1	1
4	869	Y	1	1
4	707	L	2	2
4	734	E	1	1
4	656	M	1	1
4	614	L	1	1
4	554	S	1	1
4	630	K	1	1
4	907	H	1	1
4	896	G	3	3
4	813	R	3	3
4	864	S	1	1
4	691	P	1	1
4	855	A	3	3
4	603	E	1	1
4	806	L	1	1
4	862	S	1	1
4	803	D	7	7
4	709	L	1	1
4	689	C	1	1
4	538	A	1	1
4	502	S	1	1
4	627	K	1	1
4	519	L	1	1
4	808	T	1	1
4	854	Q	1	1
4	667	T	1	1
4	733	G	1	1
4	675	D	1	1
4	501	H	1	1
4	733	L	3	3
4	828	S	1	1
4	588	I	1	1
4	802	L	1	1
4	852	K	1	1
4	530	V	1	1
4	807	K	1	1
4	511	L	2	2
4	801	I	2	2
4	722	F	1	1
4	644	S	1	1
4	555	F	1	1
4	517	A	1	1
4	611	C	1	1
4	896	T	1	2
4	908	N	2	2
4	809	L	1	1
4	630	N	1	1
4	484	D	1	1
4	813	L	1	1
4	862	V	1	1
4	896	A	3	3
4	873	R	1	1
4	623	Q	1	1
4	501	V	1	1
4	855	I	1	1
4	555	A	1	1
4	513	R	1	1
4	855	V	1	2
4	886	D	1	1
4	469	F	1	1
4	584	M	1	1
4	809	V	2	2
4	495	S	1	1
4	858	A	1	1
4	817	K	2	2
4	537	S	1	1
4	879	N	2	2
4	588	E	1	1
4	611	I	1	1
4	749	G	1	1
4	473	S	1	1
4	572	D	3	3
4	878	R	2	2
4	723	F	1	1
4	525	T	1	1
4	473	P	1	1
4	584	S	2	2
4	503	Q	3	3
4	880	F	1	1
4	864	F	1	1
4	855	T	1	1
4	496	D	1	1
4	811	A	1	1
4	618	H	1	1
4	625	A	2	2
4	810	Q	1	1
4	514	A	3	3
4	579	S	1	1
4	744	Q	1	1
4	759	E	1	1
4	813	D	1	1
4	813	H	1	1
5	522	T	1	1
5	852	K	1	1
5	744	A	1	1
5	723	T	2	2
5	629	N	1	1
5	838	S	1	1
5	803	A	1	1
5	618	F	1	1
5	495	S	1	1
5	493	M	1	1
5	549	I	1	1
5	554	E	2	2
5	813	N	1	1
5	620	N	1	1
5	859	E	1	1
5	537	C	1	1
5	527	S	1	1
5	578	L	1	0
5	829	I	1	1
5	690	A	2	2
5	482	P	1	1
5	472	M	1	1
5	620	K	1	1
5	796	G	1	1
5	528	S	1	1
5	597	A	1	1
5	511	V	1	1
5	554	Q	1	2
5	856	L	1	1
5	555	T	1	1
5	693	E	1	1
5	588	Q	1	1
5	618	H	1	1
5	590	M	1	1
5	632	A	1	1
5	509	A	2	2
5	557	Y	1	1
5	896	C	1	1
5	625	T	1	1
5	803	L	1	1
5	852	D	4	5
5	585	H	1	1
5	495	V	1	1
5	764	R	1	1
5	855	R	1	1
5	501	L	2	2
5	567	R	1	1
5	629	E	1	1
5	496	D	1	1
5	503	P	1	1
5	878	R	2	2
5	866	D	1	1
5	843	I	1	1
5	507	L	1	0
5	474	Q	2	2
5	618	C	1	1
5	590	K	1	1
5	723	F	2	2
5	632	V	1	1
5	474	K	1	1
5	526	A	2	2
5	625	I	1	1
5	731	V	2	2
5	487	P	1	1
5	555	H	1	1
5	620	P	1	1
5	583	N	1	1
5	807	K	1	1
5	851	Q	1	1
5	471	S	2	2
5	801	D	1	1
5	847	V	1	1
5	733	H	1	1
5	471	R	1	1
5	618	E	1	1
5	618	N	1	1
5	636	A	1	1
5	503	K	1	1
5	854	F	1	0
5	795	R	1	1
5	460	K	1	1
5	708	G	1	1
5	811	V	1	1
5	868	R	1	1
5	857	N	1	1
5	492	V	1	2
5	539	P	1	1
5	579	P	1	1
5	901	S	1	1
5	858	K	1	1
5	662	E	1	1
5	665	N	2	2
5	469	M	1	1
5	865	G	1	1
5	723	N	1	1
5	599	T	1	1
5	731	Q	1	0
5	704	Y	1	1
5	566	D	1	1
5	813	A	2	2
5	556	D	1	1
5	826	I	1	0
5	631	L	1	1
5	627	M	1	1
5	579	D	1	1
5	468	D	1	1
5	722	A	3	3
5	619	Q	1	1
5	549	G	1	1
5	626	Q	1	1
5	749	M	2	2
5	623	D	1	1
5	629	A	1	1
5	855	T	2	2
5	503	R	3	3
5	599	L	1	1
5	733	K	1	1
5	620	S	1	1
5	524	A	1	1
5	803	D	3	2
5	796	R	1	1
5	749	S	1	1
5	892	R	0	1
5	722	D	1	1
5	852	N	1	1
5	503	Q	2	3
5	901	V	1	1
5	504	N	1	1
5	509	G	2	2
5	831	Y	1	1
5	696	G	1	1
5	529	G	1	1
5	584	V	3	3
5	726	T	1	1
5	814	D	1	1
5	625	A	1	1
5	878	N	2	2
5	632	R	1	0
5	603	E	1	1
5	760	I	1	1
5	526	R	1	1
5	455	V	1	1
5	684	D	2	2
5	690	S	1	1
5	572	Q	1	1
5	813	R	1	1
5	495	L	1	1
5	801	G	1	1
5	630	R	2	2
5	506	Q	1	1
5	564	V	1	1
5	611	Y	1	1
5	528	G	1	1
5	767	S	1	1
5	645	M	1	1
5	631	Y	1	1
5	696	N	1	1
5	752	A	1	1
5	810	Q	2	2
5	818	D	2	2
5	813	Q	1	2
5	578	V	1	1
5	579	E	1	1
5	460	N	1	1
5	466	F	1	1
5	852	E	1	0
5	629	Q	1	1
5	787	M	1	1
5	551	S	1	1
5	614	Y	1	1
5	471	A	4	4
5	480	A	1	1
5	815	L	1	1
5	488	G	1	1
5	770	Q	1	1
5	794	Y	1	1
5	577	P	1	1
5	773	G	1	1
5	565	Y	1	1
5	517	L	1	1
5	479	C	1	1
5	859	R	1	1
5	809	V	1	1
5	532	F	1	1
5	513	N	1	1
5	526	N	1	1
5	880	T	1	1
5	888	R	1	1
5	579	G	1	1
5	898	V	1	1
5	851	D	2	2
5	599	M	1	1
5	527	N	1	1
5	466	S	1	1
5	776	L	1	1
5	705	S	1	1
5	876	F	1	1
5	472	H	1	1
5	588	P	1	1
5	564	F	1	1
5	540	Q	1	1
5	604	L	1	1
5	791	R	1	1
5	704	N	1	1
5	733	C	1	1
5	631	I	1	1
5	896	A	1	1
5	722	V	1	1
5	512	E	1	1
5	539	G	1	0
5	726	G	1	1
5	744	W	1	1
5	518	P	1	1
5	577	T	2	2
5	599	G	1	1
5	471	M	1	1
5	893	I	1	1
5	778	V	1	1
5	555	I	2	2
5	760	T	1	1
5	557	E	1	1
5	533	T	2	2
5	480	K	1	1
5	464	E	1	1
5	769	V	1	1
5	569	T	1	1
5	503	Y	1	1
5	471	H	1	1
5	907	F	1	1
5	459	Y	1	1
5	810	V	1	1
5	722	I	5	5
5	826	G	1	1
5	471	L	1	1
5	572	K	1	1
5	792	E	1	1
5	637	V	1	1
5	632	P	1	1
5	584	L	1	0
5	844	F	1	1
5	864	H	1	1
5	476	E	1	1
5	892	K	2	1
5	494	M	1	1
5	906	G	1	1
5	464	N	1	1
5	626	R	1	1
5	692	E	1	1
5	906	T	1	1
5	665	R	1	1
5	857	E	2	2
5	784	F	1	1
5	572	E	1	1
5	576	L	1	1
5	731	A	1	1
5	489	G	1	0
5	626	N	1	1
5	492	T	2	2
5	799	E	1	1
5	813	G	1	2
5	629	T	1	1
5	628	S	1	1
5	511	L	1	1
5	670	T	1	1
5	801	E	1	1
5	629	D	1	1
5	630	D	1	1
5	651	A	1	1
5	862	I	1	1
5	480	R	1	1
5	579	S	1	1
5	852	R	1	1
5	656	R	1	1
5	490	F	1	1
5	563	T	1	1
5	466	I	2	2
5	876	E	1	1
5	491	G	1	1
5	715	T	1	1
5	775	V	1	1
5	707	L	1	1
5	575	S	1	1
5	495	A	1	1
5	865	N	1	1
5	750	I	1	1
5	771	T	1	1
5	815	T	1	0
5	630	P	1	1
5	851	S	1	1
5	640	S	1	1
5	460	E	4	3
5	590	G	1	1
5	618	D	1	1
5	496	E	1	1
5	852	G	1	1
5	869	Q	4	4
5	707	K	1	1
5	896	K	1	1
5	469	V	5	5
5	879	E	1	1
5	460	S	1	1
5	578	M	1	1
5	521	V	1	1
5	632	Y	1	1
5	794	L	1	1
5	723	A	1	1
5	626	H	1	1
5	584	S	1	1
5	509	D	2	2
5	734	E	1	1
5	878	T	2	2
5	855	I	2	2
5	632	E	2	2
5	869	G	1	1
5	904	F	2	2
5	842	D	1	1
5	623	Q	2	2
5	803	Q	2	2
5	617	I	1	1
5	620	T	2	2
5	696	K	1	1
5	592	D	1	1
5	485	R	1	1
5	719	Q	1	1
5	619	R	1	1
5	869	E	1	1
5	904	D	1	1
5	745	G	1	1
5	847	I	1	1
5	708	Y	1	1
5	685	N	1	1
5	599	V	2	1
5	606	E	1	1
5	469	L	1	1
5	696	V	1	0
5	585	S	2	2
5	623	L	1	1
5	620	G	1	1
5	557	R	2	2
5	896	Q	1	1
5	589	E	1	1
5	507	Y	1	1
5	850	Y	1	1
5	572	D	1	1
5	855	A	1	1
5	803	G	1	1
5	589	D	2	2
5	707	I	1	1
5	585	G	1	1
5	891	I	2	2
5	757	N	1	1
5	806	G	1	1
5	721	S	1	1
5	892	S	1	1
5	520	L	1	1
5	811	I	1	1
5	714	S	1	1
5	478	F	1	1
5	665	S	1	1
5	826	L	2	2
5	721	M	1	1
5	477	N	1	1
5	753	K	1	1
5	554	K	5	6
5	620	A	1	2
5	667	P	1	1
5	567	E	1	1
5	491	I	1	1
5	803	E	1	1
5	466	R	1	1
5	662	N	2	2
5	837	A	1	1
5	707	G	1	1
5	498	H	1	1
5	633	I	2	2
5	576	T	1	1
5	474	T	1	1
5	761	I	1	1
5	637	L	1	1
5	858	D	1	1
5	845	G	1	1
5	855	L	2	1
5	772	I	1	1
5	878	Q	3	3
5	770	K	1	1
5	722	R	1	1
5	862	V	1	1
5	518	F	1	1
5	855	S	2	2
5	489	N	1	1
5	618	R	1	1
5	749	I	1	1
5	484	D	1	1
5	733	L	1	1
5	740	S	1	1
5	814	L	1	1
5	817	S	1	1
5	578	I	1	1
5	744	P	1	1
5	500	I	1	1
5	855	H	1	1
5	699	F	1	1
5	473	A	1	1
5	824	L	1	1
5	568	M	1	1
5	882	D	1	1
5	587	F	1	1
5	749	F	1	1
5	584	I	1	0
5	550	R	1	1
5	632	D	1	1
5	881	R	1	1
5	616	R	1	1
5	616	K	2	2
5	723	V	6	5
5	827	E	1	1
5	574	C	1	1
5	458	D	1	1
5	606	N	1	1
5	865	S	1	1
5	766	T	2	2
5	733	T	1	1
5	806	E	1	1
5	809	T	1	1
5	469	I	1	1
5	896	R	2	2
5	540	H	1	1
5	813	E	1	0
5	863	K	1	1
5	896	S	1	1
5	532	H	1	1
5	554	H	1	0
5	528	D	1	1
5	474	G	1	1
5	851	K	2	2
5	533	V	1	1
5	474	A	3	3
5	864	F	4	3
5	633	L	1	1
5	667	A	2	2
5	703	K	1	1
5	826	T	1	1
5	778	T	1	1
5	509	K	1	1
5	531	V	1	1
5	584	M	3	3
5	585	E	5	5
5	457	E	1	1
5	539	T	1	1
5	509	E	1	1
5	493	V	1	1
5	829	H	1	1
5	744	F	1	1
5	770	G	1	1
5	840	V	1	1
5	854	S	1	1
5	554	R	1	1
5	460	V	1	1
5	896	N	1	1
5	826	D	1	1
5	854	C	1	1
5	869	R	2	2
5	707	A	1	1
5	611	L	1	1
5	514	I	1	1
5	857	G	1	1
5	514	L	1	1
5	630	E	2	2
5	813	D	3	2
5	854	Y	1	1
5	726	A	2	2
5	826	V	4	4
5	906	E	1	1
5	864	S	1	1
5	826	P	1	1
5	456	A	1	1
5	518	V	2	2
5	835	Q	1	1
5	509	Q	1	1
5	796	E	1	1
5	474	D	3	3
5	801	Q	1	1
5	786	Y	1	1
5	569	V	1	1
5	708	N	1	1
5	507	A	1	1
5	460	Q	1	1
5	507	K	1	1
5	850	F	1	1
5	862	S	1	1
5	892	A	1	0
5	584	T	1	1
5	830	K	1	1
5	735	D	1	1
5	802	M	1	1
5	864	C	1	1
5	644	A	1	1
5	809	L	1	1
6	644	I	1	1
6	518	M	3	3
6	679	K	1	1
6	826	A	2	2
6	869	P	1	1
6	458	T	1	1
6	859	N	1	1
6	495	V	1	1
6	554	E	1	1
6	544	Q	1	0
6	657	V	1	1
6	704	L	1	1
6	504	E	1	1
6	826	L	1	1
6	579	P	1	1
6	468	V	1	1
6	571	P	1	1
6	880	F	1	1
6	813	Q	1	1
6	861	K	1	1
6	574	T	1	1
6	722	Y	1	1
6	477	N	1	1
6	878	E	1	1
6	888	R	1	1
6	526	E	1	1
6	491	Q	1	1
6	522	V	1	1
6	625	A	1	1
6	517	S	1	1
6	460	N	2	2
6	558	S	1	1
6	843	M	1	1
6	745	C	1	1
6	906	K	1	1
6	584	T	2	2
6	599	T	1	1
6	584	V	5	5
6	896	G	1	1
6	572	K	1	1
6	620	L	1	1
6	474	P	1	1
6	519	Y	1	1
6	855	L	1	1
6	622	K	1	1
6	803	H	1	1
6	850	N	1	1
6	881	V	1	1
6	858	N	1	1
6	489	F	1	1
6	813	R	5	5
6	472	N	1	1
6	626	R	2	2
6	803	P	1	1
6	690	P	1	1
6	852	H	1	1
6	769	V	1	1
6	588	G	2	2
6	708	G	1	1
6	584	A	1	1
6	771	N	1	1
6	626	S	1	1
6	722	L	1	1
6	859	T	1	1
6	584	K	1	1
6	468	T	1	1
6	625	G	1	1
6	513	G	1	1
6	826	M	1	1
6	818	A	1	1
6	722	A	2	2
6	677	V	1	1
6	622	T	1	1
6	630	E	1	1
6	873	G	1	1
6	543	E	1	1
6	803	D	3	3
6	495	A	1	1
6	459	A	2	2
6	584	M	1	1
6	893	T	1	1
6	493	A	1	1
6	599	Q	1	1
6	871	F	1	1
6	554	K	5	5
6	812	K	1	1
6	567	N	1	1
6	620	P	1	1
6	537	N	1	1
6	512	H	1	1
6	478	I	1	1
6	800	D	1	1
6	851	G	1	1
6	486	K	1	1
6	468	D	1	1
6	879	V	1	1
6	517	A	2	2
6	630	T	1	1
6	715	T	2	2
6	809	H	1	1
6	557	G	1	1
6	493	D	1	1
6	623	Q	1	1
6	818	G	1	1
6	803	Q	1	1
6	585	G	1	1
6	850	H	1	1
6	896	A	1	1
6	790	A	1	1
6	866	V	1	1
6	659	L	1	1
6	851	E	1	1
6	723	A	1	1
6	614	E	1	1
6	684	D	1	1
6	665	R	3	3
6	474	G	2	2
6	859	D	1	1
6	620	E	1	1
6	509	K	1	1
6	691	M	1	1
6	503	S	1	1
6	592	S	1	1
6	618	H	2	2
6	722	H	1	1
6	813	E	2	2
6	656	V	1	1
6	896	T	2	2
6	810	Q	1	1
6	505	Y	1	1
6	851	D	2	2
6	814	D	1	1
6	876	S	1	1
6	881	A	1	1
6	750	D	1	1
6	784	K	1	1
6	707	I	2	2
6	539	A	1	1
6	813	F	1	1
6	527	E	2	2
6	869	V	1	1
6	492	N	1	1
6	862	S	1	1
6	859	R	1	4
6	474	D	3	3
6	833	S	1	1
6	723	I	0	1
6	732	L	1	1
6	509	D	2	2
6	663	V	1	1
6	639	R	1	1
6	728	R	1	1
6	459	N	1	1
6	722	T	1	2
6	537	M	1	1
6	821	S	1	1
6	873	R	1	1
6	618	C	1	1
6	627	I	1	1
6	731	Y	1	1
6	471	I	1	1
6	567	E	1	1
6	460	A	1	1
6	540	L	1	1
6	528	K	1	1
6	800	Y	1	1
6	851	Q	1	1
6	813	A	1	1
6	757	S	1	1
6	704	S	1	1
6	540	Q	1	1
6	852	G	2	2
6	613	P	1	1
6	537	P	1	1
6	514	A	1	2
6	533	T	1	1
6	803	T	1	1
6	611	Y	1	1
6	734	M	1	1
6	735	D	1	1
6	813	H	1	1
6	526	D	1	1
6	744	V	1	1
6	622	A	1	0
6	896	R	1	1
6	754	T	1	1
6	599	L	1	1
6	723	R	1	1
6	533	L	1	1
6	633	G	1	1
6	854	L	1	1
6	665	P	1	1
6	480	A	1	1
6	807	K	2	2
6	495	I	1	1
6	664	L	1	1
6	540	A	1	1
6	712	D	3	3
6	842	C	1	1
6	539	E	1	1
6	750	A	1	1
6	622	E	1	1
6	585	N	2	2
6	554	N	1	1
6	864	H	1	1
6	585	E	4	4
6	620	I	1	1
6	479	K	1	1
6	539	N	1	1
6	588	Q	1	1
6	543	Q	1	1
6	835	T	1	1
6	588	N	1	1
6	897	W	1	1
6	528	S	1	1
6	569	T	1	1
6	744	A	1	1
6	557	T	1	1
6	513	N	1	1
6	826	S	1	1
6	460	G	1	1
6	784	S	1	1
6	688	Y	1	1
6	474	K	2	2
6	903	A	1	1
6	518	I	1	1
6	578	I	1	1
6	898	V	2	2
6	799	R	2	2
6	864	F	1	1
6	501	L	1	1
6	649	E	1	1
6	630	P	2	2
6	484	N	1	1
6	675	E	1	1
6	852	S	1	1
6	722	V	2	0
6	631	L	1	1
6	600	R	1	1
6	709	T	1	1
6	614	S	1	1
6	723	M	1	1
6	581	M	1	1
6	864	T	1	1
6	753	K	1	1
6	598	R	1	1
6	528	H	1	1
6	487	L	1	1
6	876	R	1	1
6	517	I	1	1
6	766	N	1	1
6	873	K	1	1
6	626	N	1	1
6	554	P	1	1
6	799	E	1	1
6	509	Q	2	2
6	626	L	1	1
6	460	S	2	2
6	535	T	1	1
6	573	G	1	1
6	665	G	1	1
6	818	V	1	1
6	865	A	1	1
6	704	Q	1	1
6	652	A	1	1
6	584	S	1	1
6	708	N	1	1
6	722	S	1	1
6	567	T	1	1
6	707	L	1	1
6	778	L	1	1
6	456	K	1	1
6	662	N	2	2
6	715	E	1	1
6	771	A	1	1
6	620	T	1	2
6	652	G	1	1
6	503	A	2	1
6	842	D	1	1
6	540	V	1	1
6	801	L	1	1
6	633	I	1	1
6	573	T	1	1
6	862	Q	1	1
6	907	I	1	1
6	515	S	1	1
6	513	S	2	2
6	557	S	1	1
6	645	I	1	1
6	460	E	2	2
6	620	G	4	3
6	896	N	1	2
6	870	V	1	1
6	708	A	1	1
6	708	F	1	1
6	855	S	1	1
6	774	S	1	1
6	826	P	1	1
6	858	Q	1	1
6	723	V	7	5
6	611	C	1	1
6	585	S	1	1
6	611	L	1	1
6	519	Q	1	1
6	792	I	1	1
6	696	T	1	1
6	726	T	1	1
6	896	K	1	2
6	629	R	1	1
6	557	A	2	2
6	632	D	1	1
6	514	M	1	1
6	798	Y	1	1
6	492	R	1	1
6	528	D	1	1
6	561	L	1	1
6	900	A	1	1
6	726	D	1	1
6	489	L	1	1
6	608	G	1	0
6	801	M	1	1
6	471	A	1	1
6	662	R	1	1
6	503	Q	3	3
6	855	H	1	1
6	512	R	1	1
6	811	T	2	2
6	708	H	1	1
6	709	S	1	1
6	865	E	1	0
6	487	K	2	2
6	626	T	1	1
6	661	A	1	1
6	547	K	1	1
6	801	A	1	1
6	577	T	1	1
6	555	A	1	1
6	589	S	1	1
6	523	V	1	1
6	611	T	1	1
6	896	S	1	1
6	542	G	1	1
6	611	S	1	1
6	519	N	2	2
6	878	R	1	6
6	879	E	1	1
6	803	A	1	1
6	876	G	1	1
6	630	I	2	2
6	852	Q	1	1
6	534	L	1	1
6	802	V	2	2
6	730	N	1	1
6	623	D	1	1
6	869	L	2	2
6	869	G	1	1
6	517	V	1	1
6	461	C	1	1
6	852	N	2	2
6	530	A	1	1
6	834	S	1	1
6	829	I	2	2
6	852	K	1	1
6	810	R	1	1
6	855	R	1	1
6	588	K	3	3
6	507	K	1	1
6	690	A	1	1
6	585	Q	1	2
6	880	I	1	1
6	841	T	1	1
6	710	N	1	1
6	869	T	2	2
6	531	G	1	1
6	811	A	2	2
6	611	I	1	1
6	802	L	1	1
6	852	E	2	2
6	850	D	1	1
6	884	N	1	1
6	526	A	1	1
6	576	V	1	1
6	518	V	2	2
6	620	D	1	1
6	466	I	2	2
6	708	P	1	1
6	862	T	1	1
6	633	M	1	1
6	818	D	2	2
6	518	S	1	1
6	496	A	1	1
6	813	T	1	1
6	722	I	3	4
6	460	C	1	1
6	764	A	1	1
6	509	A	1	1
6	585	Y	1	1
6	572	D	2	2
6	652	C	1	1
6	496	R	1	1
6	801	I	1	1
6	584	L	1	1
6	557	N	3	3
6	696	E	1	1
6	907	F	1	1
6	554	I	1	1
6	817	T	1	1
6	614	D	1	1
6	698	S	1	1
6	803	N	1	1
6	632	A	1	1
6	901	V	1	1
6	618	F	2	2
6	554	G	1	1
6	569	V	1	1
6	644	S	1	1
6	526	N	1	1
6	614	P	1	1
6	578	L	1	1
6	745	D	1	1
6	495	N	1	1
6	514	Y	1	1
6	513	E	1	1
6	800	R	2	2
6	725	S	1	1
6	878	Q	2	2
6	482	A	1	1
6	487	T	1	1
6	555	I	2	2
6	704	Y	2	2
6	899	P	1	1
6	468	S	1	1
6	491	I	1	1
6	811	N	1	1
6	514	I	2	2
6	557	R	1	0
6	567	S	1	1
6	744	F	1	1
6	579	V	2	2
6	632	S	1	2
6	583	A	1	1
6	604	P	1	1
6	734	R	1	1
6	866	Q	1	1
6	717	I	1	1
6	460	Y	1	1
6	892	T	1	1
6	869	S	1	1
6	859	Q	1	1
6	473	G	1	1
6	796	V	1	1
6	814	A	1	0
6	896	P	1	1
6	579	G	1	1
6	818	E	2	2
6	710	T	1	1
6	707	N	1	1
6	858	D	1	1
6	725	A	2	2
6	723	L	2	2
6	557	E	2	2
6	630	H	2	2
6	629	A	1	1
6	717	L	1	1
6	526	Y	1	1
6	629	G	1	1
6	522	T	2	2
6	814	Q	1	1
6	518	Q	2	2
6	749	V	1	1
6	564	A	1	1
6	608	A	0	1
6	625	I	1	1
6	630	R	3	2
6	616	S	1	1
6	622	G	1	1
6	896	F	1	1
6	620	A	3	3
6	829	A	2	2
6	503	E	1	1
6	524	P	1	1
6	665	Y	2	2
6	826	V	3	3
6	799	S	1	1
6	675	D	1	1
6	809	V	2	2
6	862	G	1	1
6	533	V	1	1
6	864	I	1	1
6	837	N	1	1
6	665	N	1	1
6	471	K	1	1
6	484	D	1	1
6	626	A	1	1
7	496	W	1	1
7	851	D	1	1
7	619	R	1	1
7	503	E	3	3
7	487	E	1	1
7	512	R	1	1
7	630	D	1	1
7	864	Y	1	0
7	665	A	1	1
7	859	H	1	1
7	563	L	1	1
7	672	I	1	1
7	813	L	1	1
7	615	L	1	0
7	801	I	2	2
7	514	I	2	2
7	560	N	1	1
7	553	H	1	1
7	768	D	1	1
7	627	L	1	1
7	494	V	1	1
7	671	S	1	1
7	585	D	1	0
7	901	M	1	1
7	479	Q	1	1
7	577	V	1	1
7	684	Q	2	2
7	704	L	1	1
7	869	K	2	3
7	496	E	1	1
7	733	Y	1	1
7	492	P	1	1
7	460	E	4	4
7	901	V	1	1
7	568	V	1	1
7	498	K	1	1
7	705	A	1	1
7	762	M	1	1
7	869	Q	1	1
7	888	Q	1	1
7	618	C	2	2
7	579	V	1	1
7	864	S	2	2
7	706	S	1	1
7	580	K	1	1
7	818	A	1	1
7	843	S	1	1
7	749	P	1	1
7	465	C	1	1
7	555	G	1	1
7	878	R	1	1
7	708	N	1	1
7	665	N	1	1
7	813	F	1	1
7	474	L	1	1
7	611	Y	2	2
7	628	T	1	1
7	876	A	2	2
7	557	Q	1	1
7	616	L	2	2
7	627	M	1	1
7	480	S	1	1
7	622	M	1	1
7	809	V	1	1
7	554	D	1	1
7	906	T	2	2
7	642	N	1	1
7	663	A	1	1
7	717	T	1	1
7	862	P	1	1
7	578	D	1	1
7	857	A	1	1
7	512	Q	1	1
7	527	V	1	1
7	480	K	2	2
7	467	E	2	2
7	555	T	1	1
7	801	L	2	1
7	488	S	1	1
7	880	Q	1	1
7	800	Q	2	1
7	656	T	1	1
7	811	G	1	1
7	554	S	1	0
7	512	E	1	1
7	555	S	1	1
7	896	A	1	1
7	758	G	1	1
7	690	D	1	1
7	622	I	1	1
7	692	S	1	1
7	741	F	1	1
7	851	P	1	1
7	722	I	1	1
7	589	N	1	0
7	832	I	1	1
7	459	P	1	1
7	554	H	1	1
7	869	E	1	1
7	845	N	1	1
7	851	A	1	1
7	731	V	1	1
7	852	S	1	1
7	585	P	1	1
7	815	T	1	1
7	466	A	1	1
7	528	G	1	1
7	645	I	1	1
7	898	L	1	1
7	469	F	1	1
7	620	P	2	2
7	806	I	2	2
7	796	T	2	2
7	888	N	1	1
7	554	V	1	1
7	630	A	2	2
7	810	Y	1	1
7	632	K	1	1
7	855	I	1	1
7	802	L	1	1
7	459	N	1	1
7	905	L	1	1
7	715	S	1	1
7	630	E	3	3
7	640	S	1	1
7	681	S	1	1
7	471	S	2	2
7	856	L	1	1
7	855	K	1	1
7	754	I	2	2
7	464	E	1	1
7	554	I	1	1
7	611	I	1	1
7	869	S	1	1
7	722	A	3	3
7	584	A	2	2
7	837	N	1	1
7	729	S	1	1
7	554	A	2	3
7	632	E	1	1
7	603	N	1	1
7	589	T	2	2
7	623	K	1	1
7	611	D	1	1
7	487	H	1	1
7	468	S	1	1
7	626	E	1	1
7	553	V	1	1
7	880	M	1	1
7	478	L	1	1
7	503	T	1	1
7	862	T	1	1
7	813	N	1	0
7	866	A	1	1
7	555	I	2	3
7	662	N	1	1
7	852	H	1	1
7	456	E	1	1
7	626	R	2	2
7	860	V	1	1
7	646	A	1	1
7	877	Q	1	1
7	852	L	1	1
7	725	S	1	1
7	538	A	1	1
7	880	F	1	1
7	576	G	1	1
7	631	L	2	2
7	878	S	1	1
7	696	V	1	1
7	858	D	1	1
7	785	T	1	1
7	813	D	1	1
7	814	R	1	1
7	541	A	1	1
7	579	S	1	1
7	696	S	1	1
7	518	S	1	1
7	747	A	1	1
7	744	M	1	1
7	831	I	1	1
7	584	V	2	2
7	511	S	1	1
7	554	E	1	1
7	618	F	3	3
7	460	C	1	1
7	501	I	1	1
7	554	P	1	1
7	599	V	1	1
7	625	E	1	1
7	554	N	1	1
7	657	M	1	1
7	896	G	2	2
7	469	M	1	1
7	698	S	1	1
7	906	S	1	1
7	902	D	1	1
7	471	A	1	1
7	871	V	1	1
7	723	L	2	2
7	520	I	1	1
7	523	K	1	1
7	471	F	1	1
7	588	Q	1	1
7	627	I	2	2
7	864	F	3	3
7	799	D	1	1
7	813	H	1	1
7	852	I	1	1
7	585	N	2	2
7	557	R	4	4
7	618	H	3	3
7	526	D	1	1
7	670	H	1	1
7	858	G	1	1
7	826	T	1	1
7	474	M	1	1
7	522	G	1	0
7	684	D	1	1
7	840	V	2	2
7	855	H	1	1
7	618	L	1	1
7	511	V	1	1
7	851	N	1	1
7	557	N	1	1
7	814	V	1	1
7	507	K	1	1
7	557	A	1	1
7	803	R	1	1
7	843	F	1	1
7	849	A	1	1
7	896	P	2	2
7	511	E	1	1
7	578	I	2	1
7	623	G	1	1
7	522	T	1	1
7	801	F	1	1
7	554	T	3	3
7	704	Y	3	3
7	906	V	1	1
7	806	M	1	1
7	590	G	1	1
7	503	R	1	1
7	859	Q	1	1
7	712	G	1	1
7	495	K	1	1
7	554	G	2	2
7	704	S	1	1
7	854	C	2	2
7	753	H	1	1
7	501	C	1	1
7	603	Y	1	1
7	503	K	1	1
7	460	K	2	2
7	869	D	1	1
7	790	L	1	1
7	519	Q	2	2
7	723	T	1	1
7	821	Y	1	1
7	843	I	1	1
7	660	V	1	1
7	599	I	1	0
7	532	V	1	1
7	466	V	1	1
7	528	S	2	2
7	569	V	1	1
7	869	A	1	1
7	539	G	1	1
7	574	V	1	1
7	873	A	1	1
7	688	L	1	1
7	576	T	2	2
7	607	A	1	1
7	704	Q	1	1
7	526	T	1	1
7	707	A	2	2
7	588	K	1	1
7	862	V	1	1
7	578	P	1	1
7	810	P	1	1
7	473	F	1	1
7	503	Q	1	1
7	855	S	3	3
7	511	T	1	1
7	622	T	1	1
7	625	Q	1	1
7	746	A	1	1
7	855	A	1	1
7	715	T	1	1
7	722	S	1	1
7	540	S	1	1
7	869	H	1	1
7	484	G	1	1
7	620	A	1	3
7	579	E	2	2
7	874	L	1	1
7	482	A	2	2
7	576	P	1	1
7	878	E	2	2
7	801	A	2	2
7	762	E	1	1
7	623	D	1	1
7	850	T	1	1
7	854	L	1	1
7	526	V	1	1
7	726	D	1	1
7	646	I	1	1
7	495	V	1	1
7	519	K	1	1
7	794	L	1	0
7	618	I	1	1
7	816	H	1	1
7	630	N	1	1
7	503	Y	2	1
7	744	P	1	1
7	611	F	3	3
7	719	A	1	1
7	619	Q	1	1
7	596	G	1	1
7	869	G	1	1
7	652	S	1	1
7	865	Q	1	1
7	817	S	1	1
7	717	Q	1	1
7	588	T	1	1
7	855	V	1	1
7	770	G	1	1
7	834	T	1	1
7	806	L	1	1
7	555	M	1	1
7	861	N	1	0
7	572	K	1	1
7	678	A	1	1
7	633	I	1	1
7	805	E	1	1
7	857	E	1	1
7	537	D	1	1
7	459	G	1	1
7	495	E	1	1
7	878	N	1	1
7	625	M	1	1
7	527	E	1	1
7	799	T	1	1
7	810	D	1	1
7	769	V	1	1
7	514	L	1	1
7	884	E	1	1
7	554	K	1	2
7	620	T	2	2
7	519	R	1	1
7	896	N	3	3
7	869	R	1	1
7	751	H	1	1
7	629	N	1	1
7	531	T	2	2
7	503	N	1	1
7	862	Q	1	1
7	584	L	3	3
7	707	I	2	2
7	487	K	3	3
7	466	L	1	1
7	813	K	2	2
7	509	N	1	1
7	573	S	2	2
7	539	Q	1	1
7	730	A	1	1
7	579	T	3	3
7	803	D	4	4
7	745	C	1	1
7	623	V	1	1
7	519	N	1	1
7	555	F	1	1
7	542	N	1	1
7	838	L	1	1
7	638	L	1	1
7	517	A	1	1
7	854	T	1	1
7	722	T	1	1
7	471	T	1	0
7	904	G	1	1
7	862	L	1	0
7	584	T	1	1
7	896	D	2	2
7	637	L	1	1
7	680	N	1	0
7	675	K	1	1
7	750	A	1	1
7	477	N	1	1
7	479	G	1	1
7	528	K	1	1
7	620	M	1	1
7	901	K	1	1
7	573	T	3	3
7	460	G	1	1
7	880	V	1	1
7	708	P	2	2
7	620	N	2	2
7	756	V	1	1
7	519	P	1	1
7	599	L	1	1
7	843	M	1	1
7	851	R	1	1
7	588	F	1	1
7	611	L	3	2
7	722	M	1	1
7	862	I	1	1
7	625	R	1	1
7	576	Q	1	1
7	826	R	1	1
7	704	N	1	2
7	503	D	1	1
7	852	D	1	0
7	585	E	5	5
7	880	I	3	3
7	632	D	1	1
7	752	A	1	1
7	813	Y	2	2
7	852	N	1	1
7	621	R	1	1
7	813	E	2	2
7	471	P	1	2
7	878	Q	1	1
7	850	N	1	1
7	484	E	1	1
7	527	T	1	1
7	810	Q	1	1
7	717	V	1	1
7	896	T	4	4
7	509	G	1	1
7	723	V	7	7
7	901	I	1	1
7	466	M	1	1
7	701	R	1	1
7	635	F	1	1
7	592	C	1	1
7	662	E	2	2
7	503	S	2	2
7	584	I	1	1
7	726	H	1	1
7	545	T	1	1
7	907	H	1	1
7	850	L	1	1
7	810	N	1	1
7	588	Y	1	1
7	896	V	1	1
7	892	T	1	1
7	618	S	1	1
7	749	F	1	1
7	466	D	1	1
7	722	L	2	2
7	665	Q	1	1
7	588	H	2	2
7	554	R	1	2
7	518	P	1	1
7	865	K	1	1
7	498	A	1	1
7	495	A	1	1
7	851	T	1	1
7	846	E	1	1
7	770	D	2	2
7	588	G	1	1
7	621	E	1	1
7	842	S	2	1
7	509	D	3	2
7	468	G	1	1
7	686	H	1	1
7	630	H	2	2
7	826	V	4	4
7	493	Q	1	1
7	826	M	2	2
7	676	I	1	1
7	803	P	1	1
7	625	G	2	2
7	585	A	3	3
7	474	D	4	3
7	513	Y	1	1
7	630	Y	1	1
7	829	I	1	1
7	684	G	1	1
7	771	A	2	2
7	616	H	1	1
7	482	T	2	2
7	509	Y	1	1
7	622	V	1	1
7	620	K	1	1
7	672	L	1	1
7	556	E	1	1
7	504	N	2	2
7	801	G	1	1
7	773	H	1	1
7	709	S	1	1
8	557	D	1	1
8	619	N	1	1
8	588	D	1	1
8	554	T	1	2
8	474	T	1	1
8	827	E	2	2
8	896	K	1	1
8	620	T	2	2
8	504	D	1	1
8	708	G	2	2
8	708	N	1	1
8	810	Q	1	1
8	810	D	1	1
8	528	D	1	1
8	665	P	1	1
8	513	G	1	1
8	463	A	1	1
8	517	I	2	2
8	879	Q	1	1
8	541	T	1	1
8	517	S	1	1
8	630	M	1	1
8	801	L	1	1
8	554	Y	1	1
8	577	P	1	1
8	614	T	1	1
8	577	S	1	1
8	879	H	1	1
8	903	V	1	1
8	894	V	1	1
8	460	I	1	1
8	869	E	1	1
8	460	V	1	1
8	620	L	1	1
8	554	H	1	1
8	633	F	1	1
8	464	A	1	2
8	588	A	1	1
8	862	Q	1	1
8	459	T	1	1
8	635	A	1	1
8	518	V	1	1
8	861	G	1	1
8	537	R	1	1
8	852	T	1	1
8	519	S	1	1
8	771	G	1	1
8	896	S	1	1
8	487	L	1	1
8	704	Y	1	1
8	498	C	1	1
8	621	E	1	1
8	569	S	1	1
8	907	H	1	1
8	588	Q	2	1
8	519	D	1	1
8	478	I	1	1
8	696	G	1	1
8	749	T	1	1
8	834	T	1	1
8	773	Q	1	1
8	904	S	1	1
8	878	R	1	1
8	814	P	1	1
8	780	V	1	1
8	850	R	1	1
8	896	G	1	0
8	631	L	1	1
8	825	V	1	1
8	626	E	1	1
8	864	S	1	1
8	766	G	1	1
8	803	Q	2	2
8	527	V	1	0
8	503	D	1	1
8	799	E	1	1
8	511	V	1	1
8	723	I	1	1
8	896	P	1	1
8	818	K	2	2
8	566	Q	1	1
8	886	F	1	1
8	691	V	2	2
8	629	I	1	1
8	502	A	1	1
8	632	S	3	3
8	851	H	1	1
8	503	T	1	1
8	618	F	2	2
8	584	T	1	1
8	870	V	1	1
8	528	K	1	1
8	491	Y	1	1
8	517	A	1	1
8	630	E	1	1
8	471	R	1	2
8	590	G	1	1
8	806	I	1	1
8	605	A	1	1
8	584	E	1	1
8	818	N	1	1
8	739	M	1	1
8	653	E	1	1
8	797	G	1	1
8	851	V	1	1
8	859	E	1	1
8	463	N	1	1
8	869	S	1	2
8	882	G	1	1
8	708	C	1	1
8	813	F	1	1
8	633	E	1	1
8	869	M	1	1
8	813	E	2	2
8	476	A	1	1
8	602	G	1	1
8	879	G	1	1
8	508	A	1	1
8	672	I	1	1
8	813	A	1	1
8	764	N	1	1
8	879	E	2	2
8	457	P	1	1
8	495	R	1	1
8	878	T	1	1
8	503	E	1	1
8	704	S	1	1
8	782	I	1	1
8	745	T	1	1
8	826	L	3	3
8	643	E	1	1
8	829	S	1	1
8	632	F	1	1
8	540	A	1	1
8	813	T	2	2
8	723	A	1	1
8	503	S	1	1
8	870	M	1	1
8	723	T	1	1
8	686	R	1	1
8	739	A	1	1
8	734	S	1	1
8	511	M	1	1
8	823	A	1	1
8	584	L	2	2
8	504	E	2	1
8	803	D	2	2
8	503	A	1	1
8	620	N	2	2
8	625	R	1	1
8	611	F	1	1
8	579	V	1	1
8	689	G	1	1
8	784	V	1	1
8	584	Q	1	1
8	576	G	1	1
8	709	S	1	1
8	864	F	3	3
8	468	T	1	1
8	508	I	1	1
8	511	L	1	1
8	577	D	1	1
8	878	D	1	1
8	626	A	1	1
8	869	Q	2	2
8	474	D	1	1
8	557	G	1	1
8	707	C	1	1
8	878	N	2	2
8	723	V	1	1
8	865	D	2	2
8	491	M	1	1
8	524	I	1	1
8	611	L	4	4
8	526	P	1	1
8	584	H	1	1
8	569	T	1	1
8	572	R	1	1
8	878	E	1	1
8	557	R	4	4
8	554	Q	1	2
8	627	E	1	1
8	603	N	1	1
8	862	N	1	1
8	758	Q	1	1
8	467	G	1	1
8	618	S	1	1
8	600	V	1	1
8	855	V	1	1
8	850	T	1	1
8	496	T	1	1
8	613	I	1	1
8	751	V	1	1
8	554	C	2	2
8	750	D	1	1
8	474	G	1	1
8	615	L	1	1
8	855	Q	1	0
8	818	Q	1	1
8	471	G	1	1
8	726	G	2	2
8	557	E	1	1
8	626	D	2	1
8	665	S	1	1
8	859	R	2	2
8	468	R	1	1
8	731	V	2	2
8	627	F	1	1
8	466	R	1	1
8	471	S	2	2
8	722	L	3	3
8	832	I	1	1
8	599	L	1	1
8	695	S	1	1
8	811	T	1	1
8	755	T	1	1
8	873	E	1	1
8	491	L	1	1
8	818	R	1	1
8	630	F	1	1
8	588	K	2	2
8	783	H	1	1
8	464	K	1	1
8	780	T	1	1
8	721	T	1	1
8	572	D	1	1
8	585	T	1	1
8	593	R	1	1
8	845	A	1	1
8	726	Q	1	1
8	509	Q	2	2
8	880	V	1	1
8	471	E	1	1
8	588	C	1	1
8	492	P	1	1
8	503	L	1	1
8	556	E	1	1
8	526	N	2	2
8	509	K	1	1
8	870	I	1	1
8	814	T	1	1
8	852	K	1	1
8	584	A	1	1
8	540	E	1	1
8	869	A	1	1
8	632	E	2	2
8	664	M	1	1
8	851	D	1	1
8	517	M	1	1
8	474	R	1	1
8	855	A	1	1
8	518	F	3	3
8	712	K	1	1
8	869	K	1	1
8	464	T	1	1
8	652	K	1	1
8	622	E	1	1
8	906	S	1	1
8	806	A	1	1
8	831	L	1	1
8	731	L	1	1
8	896	A	2	2
8	589	T	1	1
8	584	V	4	4
8	855	P	0	1
8	610	C	1	1
8	554	K	1	1
8	834	V	1	1
8	633	L	2	2
8	639	A	1	1
8	488	Q	1	1
8	614	P	1	2
8	855	D	1	1
8	869	R	2	2
8	623	Q	1	1
8	907	I	1	1
8	784	S	1	1
8	869	D	1	1
8	761	N	1	1
8	843	F	2	2
8	576	T	1	1
8	492	A	1	1
8	696	P	1	1
8	872	I	1	1
8	796	T	1	1
8	472	H	1	1
8	852	N	1	1
8	468	V	1	1
8	553	N	1	1
8	869	P	1	1
8	855	I	2	2
8	503	Q	2	2
8	585	P	1	1
8	665	Y	2	2
8	851	Q	1	1
8	811	V	1	1
8	723	F	1	1
8	577	T	1	1
8	860	I	1	1
8	620	Y	1	1
8	834	S	1	1
8	870	Q	1	1
8	632	Q	1	1
8	726	D	2	2
8	504	M	1	1
8	754	G	1	1
8	873	L	1	1
8	625	I	1	1
8	873	K	2	2
8	509	Y	1	1
8	722	M	1	1
8	632	D	1	2
8	584	C	1	1
8	851	K	1	1
8	471	A	2	2
8	695	Q	1	1
8	800	Y	1	1
8	513	E	1	1
8	574	T	1	1
8	898	T	1	1
8	800	D	1	1
8	696	V	2	2
8	722	A	1	1
8	852	I	1	0
8	503	R	1	1
8	562	N	1	1
8	839	R	1	1
8	744	I	1	1
8	811	L	1	1
8	904	A	1	1
8	813	R	2	3
8	539	Y	1	1
8	902	S	2	2
8	573	S	1	1
8	480	D	2	2
8	865	V	1	1
8	612	G	1	1
8	662	N	1	1
8	884	E	1	1
8	893	I	1	1
8	710	R	1	1
8	811	R	1	1
8	629	Q	3	3
8	555	A	1	1
8	895	T	1	1
8	518	H	1	1
8	554	S	1	1
8	801	F	1	1
8	862	S	1	1
8	726	A	1	1
8	864	L	1	1
8	625	T	1	1
8	799	N	1	1
8	611	I	1	1
8	722	I	3	3
8	903	I	1	1
8	626	Q	1	1
8	854	K	1	1
8	585	G	1	1
8	696	T	1	1
8	799	R	1	1
8	466	F	2	2
8	600	R	1	1
8	618	I	1	1
8	879	N	1	1
8	662	E	1	1
8	579	T	2	2
8	819	E	1	1
8	896	R	1	1
8	731	M	1	1
8	518	K	2	2
8	555	I	1	1
8	532	H	1	1
8	471	M	2	2
8	676	D	1	1
8	734	R	1	1
8	843	V	1	1
8	855	L	1	1
8	455	V	1	1
8	547	D	1	1
8	585	E	1	1
8	474	Q	1	1
8	521	M	1	1
8	892	K	1	1
8	842	T	3	3
8	555	L	1	1
8	758	T	3	3
8	831	V	1	1
8	523	K	1	1
8	869	N	1	1
8	632	R	1	1
8	858	Q	1	1
8	749	M	2	2
8	608	S	1	1
8	503	N	2	2
8	874	I	1	1
8	896	V	1	2
8	493	R	1	1
8	528	S	5	3
8	862	M	1	1
8	723	K	1	1
8	900	A	1	1
8	555	G	1	1
8	813	S	1	1
8	567	E	1	1
8	464	E	2	2
8	620	A	4	3
8	676	I	1	1
8	652	N	1	1
8	906	T	1	1
8	619	H	1	1
8	517	P	1	1
8	633	I	1	1
8	529	L	2	2
8	854	G	1	1
8	841	P	1	1
8	803	R	1	1
8	826	T	1	1
8	734	T	1	1
8	723	G	1	1
8	533	T	1	1
8	557	Q	1	1
8	878	S	1	1
8	820	Q	1	1
8	670	I	1	1
8	901	F	1	1
8	877	Y	1	1
8	723	L	1	1
8	474	N	1	1
8	704	Q	1	1
8	803	E	2	2
8	578	L	1	1
8	878	Q	1	1
8	862	G	1	1
8	712	D	1	1
8	631	M	1	1
8	896	Y	2	2
8	673	R	1	1
8	528	P	1	1
8	474	A	1	1
8	518	I	1	1
8	683	D	1	1
8	484	D	1	1
8	707	I	3	3
8	630	L	1	1
8	599	N	1	1
8	724	E	1	1
8	545	V	1	1
8	690	I	1	1
8	826	S	1	1
8	471	N	1	1
8	859	T	1	1
8	853	P	1	1
8	515	V	1	1
8	878	H	1	1
8	750	V	1	1
8	514	R	1	1
8	854	L	1	1
8	709	F	1	1
8	579	H	1	1
8	535	A	1	1
8	852	E	6	6
8	803	K	1	1
8	460	E	4	4
8	841	V	1	1
8	466	I	3	3
8	805	E	1	1
8	809	V	1	1
8	525	S	1	1
8	554	P	1	1
8	879	T	1	1
8	826	V	7	7
8	663	S	1	1
8	644	N	1	1
8	818	L	1	1
8	496	R	1	1
8	584	R	1	1
8	801	V	1	2
8	509	D	1	1
8	585	L	1	1
8	627	I	1	1
8	487	R	1	1
8	863	I	1	1
8	908	K	1	1
8	486	K	1	1
8	842	L	1	1
8	708	T	2	2
8	744	H	1	1
8	460	N	2	2
8	790	W	1	1
8	844	F	1	1
8	627	A	1	1
8	862	T	4	4
8	867	I	1	1
8	611	Y	1	1
8	850	A	1	1
8	585	N	1	1
8	797	S	1	1
8	706	L	1	1
8	514	A	1	1
8	881	V	1	1
8	813	K	2	2
8	849	L	1	1
8	880	F	1	1
8	761	D	1	1
8	537	S	1	1
8	557	A	1	0
8	907	C	1	1
8	464	H	1	1
8	514	T	1	1
8	497	P	1	1
8	872	N	1	1
8	801	I	1	0
8	856	L	1	1
8	526	G	1	1
9	603	Q	1	1
9	704	V	1	1
9	590	K	1	1
9	504	S	1	1
9	511	V	2	2
9	803	K	2	2
9	630	E	2	2
9	809	L	1	1
9	478	I	1	1
9	803	D	6	5
9	518	F	1	1
9	556	R	2	2
9	800	Q	1	1
9	695	L	1	1
9	769	T	1	1
9	584	T	1	1
9	622	T	1	1
9	855	A	1	1
9	585	E	5	5
9	815	T	1	0
9	652	S	1	1
9	554	E	1	1
9	878	Q	1	1
9	618	L	2	3
9	627	V	1	1
9	901	M	1	1
9	585	A	1	1
9	611	Y	2	2
9	630	T	1	1
9	630	A	1	2
9	584	D	1	1
9	852	N	2	2
9	518	I	2	2
9	826	T	2	2
9	744	A	1	1
9	810	R	1	1
9	758	A	1	1
9	584	I	2	2
9	743	G	1	1
9	584	E	1	1
9	704	Y	1	1
9	723	L	2	4
9	504	E	1	1
9	471	M	1	0
9	584	N	1	1
9	850	T	1	0
9	854	N	1	1
9	705	Q	1	1
9	620	D	1	1
9	794	W	1	1
9	873	E	1	1
9	739	L	1	1
9	807	K	1	1
9	474	G	1	2
9	907	T	1	1
9	663	I	1	1
9	721	E	1	1
9	572	D	1	1
9	503	D	2	2
9	717	V	1	1
9	722	A	1	1
9	862	E	1	1
9	463	S	1	1
9	471	C	1	1
9	471	L	1	1
9	895	E	1	1
9	829	I	2	2
9	618	F	2	2
9	554	Q	1	1
9	573	V	1	1
9	715	I	1	1
9	494	F	1	1
9	744	I	1	1
9	460	S	1	1
9	612	N	1	1
9	896	A	2	2
9	630	R	2	1
9	463	I	1	1
9	620	G	2	2
9	896	P	1	1
9	840	T	1	1
9	826	R	1	1
9	695	S	1	1
9	672	I	1	1
9	584	A	1	1
9	633	C	1	1
9	903	L	1	1
9	459	P	1	1
9	770	D	1	1
9	847	M	1	1
9	492	P	1	1
9	561	A	1	1
9	487	L	1	1
9	879	G	1	1
9	778	I	1	0
9	492	N	1	1
9	842	D	1	1
9	633	R	1	1
9	855	S	1	0
9	501	L	1	1
9	690	A	1	1
9	519	R	2	2
9	789	K	1	1
9	616	K	2	2
9	474	N	1	1
9	504	N	1	1
9	678	I	1	1
9	869	R	3	3
9	460	E	2	2
9	902	R	1	1
9	878	G	1	1
9	572	V	1	1
9	539	T	1	1
9	495	K	1	1
9	468	H	1	1
9	527	N	1	1
9	482	T	2	2
9	492	L	2	2
9	493	Q	2	2
9	585	S	1	1
9	644	I	1	1
9	697	Q	1	1
9	896	G	2	2
9	764	T	1	1
9	588	G	1	1
9	862	T	1	1
9	485	T	1	0
9	802	K	1	1
9	907	N	1	1
9	869	K	1	1
9	826	V	6	6
9	561	I	2	2
9	757	D	1	1
9	480	T	1	1
9	553	S	2	2
9	851	A	2	2
9	704	N	1	1
9	864	H	1	1
9	757	T	1	1
9	629	T	1	1
9	864	T	1	1
9	632	D	1	1
9	632	S	1	1
9	863	H	1	1
9	492	T	1	1
9	904	G	1	1
9	513	E	2	2
9	851	P	1	1
9	854	G	1	1
9	484	A	1	1
9	744	R	1	1
9	854	A	1	1
9	467	N	1	1
9	637	T	1	1
9	723	T	1	2
9	471	I	1	2
9	616	H	1	1
9	864	F	6	6
9	557	R	4	4
9	754	N	2	2
9	802	T	1	1
9	840	P	1	1
9	632	E	2	2
9	843	F	1	1
9	588	K	3	3
9	799	P	1	1
9	864	E	1	1
9	720	I	1	1
9	733	S	1	1
9	570	G	1	1
9	460	T	1	1
9	898	L	1	1
9	585	H	2	2
9	540	T	1	1
9	879	N	1	1
9	518	V	1	1
9	855	T	1	1
9	838	I	1	1
9	843	V	1	1
9	474	A	2	2
9	712	K	1	1
9	852	G	1	1
9	869	E	1	1
9	714	K	1	1
9	800	A	1	1
9	589	H	1	1
9	806	I	1	1
9	868	N	1	1
9	584	V	2	5
9	705	R	1	0
9	829	L	2	2
9	843	M	1	1
9	487	K	1	1
9	729	P	1	1
9	803	M	1	1
9	727	D	1	1
9	726	D	2	2
9	813	E	3	3
9	784	L	1	1
9	584	M	2	2
9	540	A	1	1
9	687	K	1	1
9	589	D	1	1
9	808	T	1	1
9	474	I	1	1
9	901	I	1	0
9	594	R	1	1
9	632	A	1	1
9	579	T	1	1
9	629	R	1	1
9	614	S	1	1
9	799	I	1	1
9	481	Q	1	1
9	503	Q	2	2
9	623	D	2	2
9	722	G	1	1
9	466	S	1	1
9	906	S	1	1
9	809	M	1	1
9	532	R	1	1
9	589	S	2	2
9	623	G	1	1
9	803	A	1	2
9	665	N	1	1
9	655	T	1	1
9	654	Q	1	1
9	466	L	1	0
9	813	R	1	1
9	749	F	1	1
9	610	L	1	1
9	637	N	1	1
9	501	I	1	1
9	874	L	2	2
9	576	S	2	2
9	503	M	1	1
9	497	I	1	1
9	599	E	1	1
9	599	M	1	1
9	479	K	1	1
9	561	L	1	1
9	848	S	1	1
9	809	V	1	0
9	471	V	1	1
9	745	T	1	1
9	855	Q	1	1
9	800	S	1	1
9	579	V	3	3
9	848	A	1	1
9	864	C	1	1
9	636	P	1	1
9	616	G	1	1
9	852	K	1	1
9	509	N	1	1
9	704	Q	2	2
9	492	G	1	1
9	554	K	3	3
9	584	L	1	2
9	869	Q	1	1
9	892	K	1	1
9	832	I	1	1
9	608	L	1	1
9	468	D	1	1
9	878	N	2	2
9	906	G	1	1
9	731	V	1	1
9	620	P	1	1
9	799	E	1	1
9	585	T	1	1
9	878	D	1	1
9	526	T	2	2
9	813	K	1	1
9	705	A	1	1
9	466	F	1	1
9	666	D	1	1
9	814	A	1	1
9	707	I	1	1
9	894	Q	1	1
9	483	Q	1	1
9	585	G	4	3
9	851	D	5	4
9	806	Y	1	1
9	518	P	1	1
9	513	N	2	2
9	814	D	1	1
9	801	A	1	1
9	896	R	1	2
9	623	Q	1	1
9	852	E	4	4
9	630	G	1	1
9	658	N	1	1
9	477	I	1	1
9	813	D	1	2
9	899	K	1	1
9	514	I	1	1
9	862	G	3	3
9	722	I	4	4
9	474	D	2	2
9	906	L	1	1
9	460	C	1	1
9	704	H	1	1
9	660	A	1	1
9	796	L	1	1
9	545	K	1	1
9	477	C	1	1
9	890	A	1	1
9	517	I	1	1
9	466	M	1	1
9	778	V	1	1
9	633	I	2	2
9	629	Q	1	1
9	665	Q	1	1
9	528	D	1	1
9	827	G	1	1
9	523	D	1	1
9	723	F	1	1
9	630	L	1	1
9	840	M	1	1
9	842	V	1	1
9	723	V	4	4
9	751	F	1	1
9	507	E	2	2
9	859	R	1	1
9	592	S	1	1
9	869	A	2	2
9	722	F	1	2
9	874	I	1	1
9	753	K	1	1
9	611	L	2	2
9	843	Y	1	1
9	723	M	1	1
9	574	S	1	1
9	800	P	1	1
9	466	N	1	1
9	730	T	1	1
9	569	V	1	1
9	630	K	1	1
9	554	G	1	1
9	602	H	1	1
9	878	F	1	1
9	632	N	2	2
9	491	F	1	1
9	461	K	1	1
9	588	C	2	1
9	896	T	1	1
9	722	L	1	1
9	896	F	1	1
9	509	D	2	2
9	814	G	1	1
9	865	K	1	1
9	731	L	1	1
9	862	P	1	1
9	813	Y	1	1
9	503	Y	1	1
9	878	R	3	3
9	492	M	1	1
9	850	N	1	1
9	627	A	1	1
9	842	T	1	1
9	558	A	1	1
9	705	S	1	1
9	855	H	1	1
9	743	K	1	1
9	825	A	1	1
9	855	L	1	1
9	841	T	1	1
9	509	Q	1	0
9	776	A	1	1
9	458	D	1	1
9	712	G	1	1
9	474	E	5	5
9	794	S	1	1
9	827	E	1	1
9	806	T	1	1
9	722	K	1	1
9	557	N	1	1
9	616	A	1	1
9	708	R	1	1
9	480	Q	1	1
9	704	K	1	1
9	757	S	1	1
9	880	A	1	1
9	715	T	1	1
9	712	D	1	1
9	896	Y	1	1
9	553	H	1	1
9	510	Q	1	1
9	896	I	1	1
9	864	P	1	1
9	573	T	1	1
9	503	K	1	1
9	528	R	1	1
9	572	Q	1	1
9	561	G	1	1
9	704	T	1	1
9	622	P	1	1
9	858	V	1	1
9	492	A	1	1
9	471	S	3	3
9	744	G	1	1
9	507	R	1	1
9	620	A	1	1
9	697	S	1	1
9	699	P	1	1
9	757	N	1	1
9	710	Q	1	1
9	503	N	2	2
9	712	Q	1	1
9	620	E	2	2
9	822	S	1	1
9	588	Q	1	1
9	599	L	1	1
9	745	V	1	1
9	554	L	1	1
9	625	D	1	1
9	714	S	1	1
9	878	W	1	1
9	896	N	2	2
9	842	G	1	1
9	869	T	1	1
9	856	Y	2	2
9	462	Q	1	1
9	842	P	1	1
9	869	S	1	1
9	557	S	1	1
9	864	D	1	1
9	759	K	1	1
9	611	N	1	1
9	576	R	1	1
9	803	L	1	2
9	814	Q	1	1
9	744	V	1	1
9	903	M	1	1
9	468	V	1	1
9	817	M	1	1
9	811	Q	1	1
9	518	S	1	1
9	885	K	1	0
9	630	V	2	2
9	656	A	1	1
9	626	R	1	1
9	627	I	2	2
9	577	G	1	1
9	683	D	1	1
9	471	K	1	1
9	519	S	1	1
9	528	G	1	1
9	714	G	1	1
9	728	N	1	1
9	468	S	1	1
9	588	A	1	2
9	825	P	1	1
9	603	V	1	1
9	830	Q	1	1
9	818	G	1	1
10	668	G	1	1
10	614	V	1	1
10	896	A	3	3
10	742	L	1	1
10	854	P	1	0
10	813	R	2	2
10	707	D	1	1
10	662	N	1	1
10	540	N	1	1
10	619	N	1	1
10	776	S	2	2
10	573	T	1	1
10	630	G	2	2
10	572	G	1	1
10	803	K	1	2
10	684	Q	3	3
10	629	E	1	1
10	613	T	1	0
10	813	E	1	1
10	724	P	1	1
10	723	P	1	1
10	557	R	1	1
10	723	N	1	1
10	880	V	1	1
10	578	I	1	1
10	726	S	1	1
10	589	Y	1	1
10	717	T	2	2
10	525	F	1	1
10	862	E	1	1
10	904	T	1	1
10	843	S	1	1
10	625	A	2	2
10	869	S	1	1
10	630	A	1	1
10	518	V	1	3
10	852	Q	1	1
10	495	A	2	2
10	576	K	1	1
10	667	A	1	1
10	723	C	1	1
10	620	F	1	1
10	758	A	2	2
10	561	S	1	1
10	626	H	2	2
10	890	K	1	0
10	843	M	1	1
10	904	D	1	1
10	521	V	1	1
10	503	R	2	2
10	770	N	1	1
10	503	Y	1	0
10	554	M	1	1
10	537	S	3	2
10	772	I	1	1
10	521	M	1	1
10	805	D	0	1
10	637	E	1	1
10	533	A	1	1
10	466	H	1	1
10	504	E	1	1
10	818	V	1	1
10	878	R	1	0
10	811	I	3	3
10	809	S	1	1
10	565	Y	1	1
10	869	N	3	3
10	563	S	1	1
10	712	Q	1	1
10	589	S	1	1
10	722	L	3	3
10	852	R	1	1
10	589	H	1	1
10	588	V	1	1
10	889	E	1	1
10	554	E	1	1
10	810	N	1	1
10	620	A	2	2
10	826	V	7	9
10	704	Q	1	1
10	880	F	1	1
10	855	S	2	2
10	557	K	1	1
10	799	N	1	1
10	830	T	1	1
10	504	T	1	1
10	506	T	1	1
10	519	N	1	1
10	873	P	1	1
10	503	Q	3	3
10	771	T	1	1
10	573	G	1	1
10	630	H	2	2
10	805	Q	1	0
10	550	K	1	1
10	554	K	5	5
10	813	T	1	1
10	611	E	1	1
10	707	Q	1	1
10	704	R	1	1
10	865	D	2	2
10	572	K	1	1
10	869	G	1	1
10	802	L	1	1
10	726	G	1	1
10	813	D	1	1
10	606	S	1	1
10	656	V	1	1
10	748	A	1	1
10	850	A	1	1
10	851	D	1	1
10	896	I	1	1
10	826	M	1	1
10	576	R	1	1
10	739	I	1	1
10	766	A	1	1
10	628	P	1	1
10	584	D	1	2
10	721	T	1	1
10	878	K	1	1
10	865	S	1	1
10	518	M	1	2
10	638	L	1	1
10	818	K	1	1
10	585	E	5	5
10	460	Y	1	1
10	703	L	1	1
10	584	M	3	3
10	502	H	1	1
10	487	E	2	2
10	610	G	1	1
10	517	S	3	3
10	533	V	3	3
10	849	L	1	1
10	503	N	1	1
10	705	A	1	1
10	627	I	3	3
10	632	D	2	2
10	772	F	1	1
10	778	V	1	1
10	760	S	1	1
10	610	Q	1	1
10	841	G	1	0
10	829	I	2	2
10	632	V	1	1
10	721	V	1	1
10	483	D	1	1
10	796	T	1	1
10	705	S	1	1
10	699	M	1	1
10	878	H	1	1
10	903	T	1	1
10	883	S	1	1
10	492	A	1	1
10	850	K	1	1
10	539	I	1	1
10	518	H	1	1
10	492	G	1	1
10	509	D	3	2
10	896	L	1	1
10	691	M	1	1
10	585	N	1	1
10	818	A	1	1
10	532	D	1	1
10	790	I	1	1
10	726	A	1	1
10	814	D	1	1
10	803	D	4	4
10	826	A	1	1
10	633	M	1	1
10	584	T	1	1
10	734	Q	1	1
10	579	T	1	1
10	770	D	2	1
10	627	G	1	1
10	569	V	1	1
10	851	R	1	1
10	554	T	1	1
10	771	A	1	1
10	618	M	2	2
10	556	R	1	1
10	579	G	1	1
10	630	L	1	1
10	671	A	1	1
10	502	S	1	1
10	681	L	1	1
10	858	G	1	1
10	557	S	1	1
10	689	G	1	1
10	906	P	1	1
10	474	A	1	1
10	588	S	2	2
10	859	T	1	1
10	519	R	2	2
10	636	K	1	1
10	503	E	1	1
10	707	K	1	1
10	896	N	2	2
10	878	N	1	2
10	577	G	1	1
10	878	A	1	1
10	773	A	1	1
10	704	Y	3	3
10	843	P	1	1
10	880	T	1	1
10	468	V	1	1
10	590	H	1	1
10	708	P	1	1
10	554	G	1	1
10	796	N	1	1
10	651	E	1	1
10	826	I	2	1
10	859	R	3	2
10	696	T	1	1
10	474	S	1	1
10	696	S	2	1
10	618	F	1	1
10	626	R	2	2
10	722	A	1	5
10	537	P	1	1
10	892	K	1	1
10	870	V	1	1
10	813	N	1	2
10	859	W	1	1
10	528	Q	1	1
10	509	V	1	1
10	855	Q	1	1
10	611	L	2	2
10	702	D	1	1
10	802	V	2	2
10	543	T	1	1
10	557	D	1	1
10	879	K	1	1
10	460	H	1	1
10	483	P	1	1
10	557	G	1	1
10	557	P	1	1
10	588	P	1	1
10	813	H	1	1
10	471	V	2	2
10	487	P	1	1
10	852	G	2	2
10	827	H	1	1
10	584	V	4	5
10	704	N	2	2
10	896	P	2	2
10	900	N	1	1
10	526	A	1	1
10	850	R	1	1
10	471	A	3	3
10	806	G	1	1
10	630	R	2	2
10	550	L	1	1
10	813	Q	1	1
10	722	T	1	1
10	460	K	1	1
10	555	I	1	1
10	527	N	1	1
10	501	L	1	1
10	707	M	1	1
10	711	A	1	1
10	878	V	2	2
10	789	A	1	1
10	811	L	1	1
10	577	V	1	1
10	632	A	1	1
10	495	P	1	1
10	767	A	1	1
10	896	G	1	1
10	878	P	1	1
10	861	K	1	1
10	856	I	1	0
10	584	K	1	1
10	630	K	2	2
10	590	K	1	1
10	896	R	1	1
10	794	Y	1	1
10	854	Y	1	1
10	628	I	1	1
10	862	S	1	1
10	803	R	1	1
10	718	N	1	1
10	799	E	1	1
10	460	N	2	2
10	539	N	1	1
10	710	R	1	1
10	832	K	1	1
10	662	E	3	3
10	554	H	1	1
10	623	A	1	1
10	632	T	1	1
10	622	G	2	2
10	537	T	2	3
10	807	H	1	1
10	879	E	1	1
10	466	S	1	1
10	460	P	1	1
10	469	M	1	1
10	880	N	1	1
10	625	I	1	1
10	906	T	1	1
10	826	L	1	1
10	684	K	1	1
10	800	Y	2	2
10	588	G	1	2
10	723	F	1	1
10	469	V	1	1
10	869	I	1	1
10	715	V	2	2
10	579	P	1	1
10	614	G	1	1
10	880	S	1	1
10	584	L	1	1
10	858	V	1	1
10	744	H	1	1
10	794	V	1	1
10	869	T	1	1
10	493	D	2	2
10	908	N	1	1
10	660	L	1	1
10	631	L	2	2
10	614	T	1	1
10	527	H	1	1
10	487	H	1	1
10	491	T	1	1
10	770	Q	2	2
10	584	Y	1	1
10	852	E	5	5
10	557	Q	1	3
10	851	G	1	1
10	474	G	1	1
10	712	D	2	2
10	454	E	1	1
10	901	P	1	1
10	818	D	3	3
10	518	F	1	1
10	554	Q	1	1
10	633	A	1	1
10	908	I	1	1
10	652	V	1	1
10	744	I	1	1
10	511	G	1	1
10	626	T	1	1
10	467	T	1	1
10	526	C	1	1
10	599	V	1	1
10	549	I	1	1
10	813	P	1	1
10	461	Q	1	1
10	620	M	1	1
10	809	F	1	1
10	631	Y	1	1
10	630	E	2	2
10	595	P	1	1
10	889	K	1	0
10	627	E	1	1
10	618	H	1	1
10	896	T	3	3
10	518	I	1	1
10	474	N	1	1
10	896	V	1	1
10	907	F	1	1
10	714	V	1	1
10	557	H	1	1
10	906	S	1	1
10	494	H	1	1
10	696	E	1	1
10	514	A	1	1
10	623	Q	1	1
10	557	A	1	1
10	747	T	1	1
10	723	V	5	5
10	626	Y	1	1
10	869	R	3	3
10	733	Y	1	1
10	710	T	1	1
10	750	M	1	1
10	588	K	3	3
10	830	Q	1	1
10	744	M	1	1
10	588	N	1	1
10	611	K	1	1
10	528	R	1	1
10	568	I	1	1
10	509	Q	2	2
10	578	T	1	1
10	704	F	1	1
10	860	I	1	1
10	817	A	1	1
10	722	R	1	1
10	755	G	1	1
10	803	Q	3	3
10	518	A	1	1
10	482	A	1	1
10	707	A	2	2
10	556	N	1	1
10	740	D	1	1
10	690	S	1	1
10	723	G	1	1
10	475	M	1	1
10	864	H	1	1
10	901	M	2	2
10	901	L	1	1
10	749	V	1	0
10	620	I	1	1
10	474	D	1	1
10	471	R	1	1
10	542	E	1	1
10	859	K	1	1
10	533	M	1	1
10	855	A	1	1
10	648	R	1	1
10	560	K	1	1
10	468	S	1	1
10	864	F	2	2
10	654	M	1	1
10	810	Y	1	1
10	561	L	1	1
10	839	V	1	1
10	808	S	1	1
10	654	F	1	1
10	588	E	1	1
10	466	Y	1	1
10	709	A	1	1
10	503	K	1	1
10	487	V	1	1
10	509	N	1	1
10	492	V	1	1
10	675	D	1	1
10	510	A	1	1
10	577	T	1	1
10	460	E	3	3
10	811	V	1	1
10	754	T	1	1
10	877	Q	1	1
10	626	Q	1	1
10	819	C	1	1
10	725	A	1	1
10	794	S	1	1
10	619	R	1	1
10	501	H	1	1
10	896	D	1	1
10	503	D	1	1
10	584	E	1	1
10	509	R	1	1
10	466	V	1	1
10	684	V	1	1
10	665	Q	1	1
10	477	A	1	1
10	901	S	1	1
10	859	Q	1	1
10	693	Q	1	1
10	625	V	1	1
10	696	V	1	1
10	470	C	1	1
10	858	Q	2	2
10	567	Q	1	1
10	852	H	1	1
10	841	L	1	1
10	617	Q	1	1
10	460	T	1	1
10	666	S	1	1
10	686	M	1	1
10	474	Q	1	1
10	837	E	1	1
10	809	L	2	2
10	748	D	1	1
10	813	K	1	1
10	522	H	1	1
10	744	R	1	1
10	630	Y	1	1
10	504	F	1	1
10	858	D	1	1
10	458	D	1	1
10	726	K	1	1
10	585	K	1	1
10	498	D	1	1
10	509	G	1	1
10	579	D	1	2
10	622	V	1	1
10	879	H	1	1
10	728	N	1	1
10	507	A	1	1
10	723	L	1	2
10	611	S	1	1
10	622	S	1	1
10	859	N	1	1
10	677	V	1	1
10	815	V	1	1
10	609	A	1	1
10	538	Y	1	1
10	504	G	1	1
10	608	V	1	1
10	620	L	1	1
10	567	R	1	1
10	578	A	1	1
10	584	A	1	1
10	488	Q	1	1
10	745	S	1	1
