1	533	V	1	1
1	857	K	1	1
1	636	M	1	1
1	675	K	1	1
1	863	K	1	1
1	796	T	1	1
1	509	G	1	1
1	872	H	1	0
1	864	T	1	1
1	801	I	1	1
1	527	N	1	1
1	810	R	1	1
1	554	H	1	1
1	485	R	1	1
1	907	C	1	1
1	796	G	1	1
1	517	A	1	1
1	513	E	1	1
1	474	D	3	5
1	709	R	1	1
1	539	G	1	1
1	466	S	1	1
1	905	R	1	1
1	557	T	1	1
1	862	P	1	1
1	878	R	1	1
1	577	D	1	1
1	861	H	1	1
1	818	A	1	1
1	620	G	1	1
1	896	T	1	1
1	813	E	4	4
1	554	K	2	2
1	509	Q	1	1
1	775	T	1	1
1	878	E	1	1
1	855	S	1	1
1	869	E	2	2
1	652	N	1	1
1	611	L	1	1
1	829	L	1	1
1	738	V	1	1
1	511	V	2	2
1	474	N	1	1
1	880	D	1	1
1	813	D	1	1
1	896	L	1	1
1	723	V	3	3
1	813	R	1	1
1	859	M	1	1
1	460	T	1	1
1	796	E	1	1
1	514	I	1	1
1	618	C	2	2
1	723	L	3	3
1	564	F	1	1
1	588	L	1	1
1	632	S	1	1
1	620	K	1	1
1	715	E	1	1
1	903	I	1	1
1	620	A	2	2
1	811	K	1	1
1	869	L	1	1
1	577	R	1	1
1	723	N	1	1
1	585	A	1	1
1	540	S	1	0
1	903	A	1	1
1	589	D	1	1
1	865	D	2	2
1	611	Y	1	1
1	466	F	1	1
1	466	I	1	1
1	588	K	1	1
1	498	G	1	1
1	722	I	6	6
1	869	S	1	1
1	465	L	1	1
1	825	A	1	1
1	694	S	1	1
1	869	R	1	1
1	585	E	3	3
1	618	D	1	1
1	584	L	2	2
1	518	P	1	1
1	803	G	1	1
1	620	N	1	1
1	595	D	1	1
1	896	C	1	1
1	843	I	1	1
1	640	E	1	1
1	555	F	1	1
1	859	A	1	1
1	864	F	1	1
1	638	W	1	1
1	788	T	1	1
1	855	G	1	1
1	864	S	1	1
1	722	A	1	1
1	710	R	1	1
1	805	P	1	1
1	888	E	1	1
1	626	T	1	1
1	691	N	1	1
1	675	Q	1	1
1	471	S	1	1
1	637	A	1	1
1	734	R	1	1
1	844	H	1	1
1	889	R	1	1
1	589	H	1	1
1	808	T	1	1
1	503	R	1	1
1	764	N	1	1
1	852	N	1	1
1	695	M	1	1
1	662	G	1	1
1	864	V	1	1
1	854	R	1	1
1	626	R	1	1
1	864	D	1	1
1	895	G	1	1
1	460	N	1	1
1	696	K	1	1
1	723	T	1	1
1	588	H	1	1
1	491	V	1	1
1	818	D	1	1
1	614	V	1	1
1	810	D	1	1
1	813	K	1	1
1	495	A	1	1
1	826	H	1	1
1	859	S	1	1
1	474	Q	1	1
1	901	I	1	1
1	467	E	1	1
1	460	H	1	1
1	526	A	2	2
1	839	D	1	1
1	708	A	1	1
1	512	M	1	1
1	855	T	1	1
1	616	R	1	1
1	630	P	1	1
1	869	T	1	1
1	708	L	1	1
1	588	D	1	1
1	616	N	1	1
1	554	N	1	1
1	650	Y	1	1
1	557	R	1	1
1	631	L	1	1
1	826	L	1	1
1	809	A	1	1
1	584	A	1	1
1	812	I	1	1
1	887	A	1	1
1	528	S	1	1
1	873	E	1	1
1	537	V	1	1
1	539	M	1	1
1	826	M	1	1
1	577	N	1	1
1	501	Y	1	1
1	707	I	1	1
1	809	L	1	1
1	722	V	0	1
1	577	S	1	1
1	572	D	2	2
1	492	Y	1	1
1	526	G	1	1
1	567	Q	1	1
1	464	N	1	1
1	579	T	1	1
1	503	N	1	1
1	522	S	1	1
1	467	A	1	0
1	755	D	1	1
1	517	S	1	1
1	492	A	1	1
1	493	D	1	1
1	567	R	1	1
1	618	H	2	2
1	620	H	1	1
1	812	P	1	1
2	858	Q	1	1
2	460	N	1	1
2	854	R	2	2
2	460	G	1	1
2	896	S	1	1
2	532	H	1	1
2	645	I	1	1
2	503	Q	1	1
2	750	Q	1	1
2	813	K	1	1
2	696	P	1	1
2	661	F	1	1
2	823	K	1	1
2	873	E	1	1
2	517	I	1	1
2	524	M	1	1
2	573	V	1	1
2	900	M	1	1
2	574	T	1	1
2	802	T	1	1
2	722	I	1	1
2	796	V	1	1
2	589	Q	1	1
2	539	T	1	1
2	604	T	1	1
2	813	S	1	1
2	809	V	1	1
2	878	R	1	1
2	636	S	1	1
2	862	I	1	1
2	509	D	2	2
2	818	T	1	1
2	704	L	1	0
2	630	H	1	1
2	554	H	1	1
2	620	Q	1	1
2	858	D	1	1
2	680	A	1	1
2	603	G	1	1
2	533	T	1	1
2	590	H	1	1
2	511	S	1	1
2	529	S	1	1
2	869	E	1	1
2	535	D	1	1
2	708	T	1	1
2	611	L	1	1
2	835	Q	1	1
2	630	K	3	3
2	526	R	1	1
2	537	S	1	1
2	696	S	1	1
2	474	A	1	1
2	704	Q	1	1
2	469	A	1	1
2	712	Q	1	1
2	555	F	1	0
2	515	V	1	1
2	864	N	1	1
2	880	F	1	1
2	850	F	1	1
2	826	H	1	1
2	644	A	1	1
2	465	T	1	1
2	584	L	1	1
2	518	M	1	1
2	560	N	1	1
2	503	L	1	1
2	555	A	1	1
2	599	V	1	1
2	576	H	1	1
2	843	R	1	1
2	875	V	1	1
2	517	A	1	1
2	484	D	1	1
2	723	M	1	1
2	864	H	1	0
2	803	N	1	1
2	757	A	1	1
2	859	Q	1	1
2	554	T	1	0
2	851	D	1	1
2	598	I	1	1
2	734	R	1	1
2	584	R	1	1
2	754	T	1	1
2	503	R	2	2
2	849	L	1	1
2	507	P	1	1
2	471	I	1	1
2	457	P	1	1
2	611	C	1	1
2	573	L	1	0
2	528	D	1	1
2	590	G	1	1
2	527	N	1	1
2	880	I	1	1
2	741	E	1	1
2	723	N	1	1
2	522	V	1	1
2	855	L	1	1
2	852	S	1	1
2	704	N	1	1
2	852	P	1	1
2	665	R	1	1
2	843	V	1	1
2	579	V	1	1
2	830	K	1	1
2	696	K	1	1
2	854	G	1	0
2	796	T	1	1
2	722	E	1	1
2	575	Q	1	1
2	896	T	1	1
2	894	G	1	1
2	501	L	1	1
2	812	M	1	1
2	462	Q	1	1
2	532	V	1	1
2	690	M	1	1
2	653	L	1	1
2	466	S	1	1
2	620	A	1	1
2	474	I	1	1
2	580	S	1	1
2	614	V	1	1
2	814	D	1	1
2	620	N	1	1
2	704	D	2	2
2	873	K	1	1
2	630	D	1	1
2	540	C	1	1
2	524	I	1	1
2	513	Q	1	1
2	648	A	1	1
2	770	K	2	2
2	620	R	1	1
2	557	A	1	1
2	474	D	2	2
2	801	L	1	1
2	852	E	1	1
2	599	T	1	1
2	629	R	1	1
2	675	D	1	1
2	785	K	1	1
2	518	H	1	1
2	826	V	1	1
2	584	V	3	3
2	813	E	1	1
2	616	E	1	1
2	710	E	1	1
2	577	S	1	1
2	674	S	1	1
2	878	Q	1	1
2	474	Q	1	1
2	507	L	1	1
2	592	S	1	1
2	827	N	1	1
2	775	L	1	1
2	577	R	1	1
2	735	V	1	1
2	796	Q	1	1
2	811	T	1	1
2	818	D	2	2
2	554	Q	1	1
2	809	S	1	1
2	818	K	1	1
2	554	P	1	1
2	695	A	1	1
2	862	G	1	1
2	842	E	1	1
2	627	L	1	1
2	675	G	1	1
2	526	A	2	2
2	768	S	1	1
2	517	D	1	1
2	488	D	1	1
2	480	D	2	2
2	896	A	1	1
2	581	P	1	0
2	723	V	3	3
2	758	G	1	1
2	554	Y	1	1
2	866	D	1	1
2	486	H	1	1
2	460	A	2	2
2	611	S	1	1
2	554	L	1	1
2	557	R	1	1
2	491	I	1	1
2	896	N	1	1
2	680	T	1	1
2	886	F	1	1
2	852	K	1	1
3	804	Q	1	1.0
3	842	E	1	1.0
3	878	S	3	3.0
3	460	A	1	1.0
3	611	I	1	1.0
3	576	V	1	1.0
3	802	V	2	2.0
3	471	P	1	2.0
3	896	D	1	1.0
3	608	T	1	1.0
3	611	C	1	1.0
3	806	G	1	1.0
3	714	P	1	1.0
3	511	V	1	1.0
3	466	F	1	1.0
3	863	D	1	1.0
3	816	L	1	1.0
3	498	L	1	1.0
3	517	N	1	1.0
3	852	G	1	1.0
3	509	D	3	3.0
3	460	R	1	1.0
3	588	H	1	1.0
3	630	R	1	1.0
3	618	Q	1	1.0
3	568	V	1	1.0
3	715	S	1	1.0
3	531	G	1	1.0
3	660	A	1	1.0
3	629	R	1	1.0
3	588	K	2	2.0
3	855	T	1	1.0
3	862	T	1	1.0
3	557	Q	1	1.0
3	573	V	1	1.0
3	493	D	1	1.0
3	573	L	1	1.0
3	514	M	1	1.0
3	618	I	1	1.0
3	625	I	3	3.0
3	584	L	2	2.0
3	466	P	1	1.0
3	858	D	1	1.0
3	696	T	1	1.0
3	632	D	1	1.0
3	630	E	2	2.0
3	639	E	1	1.0
3	799	A	1	1.0
3	787	R	1	1.0
3	488	V	1	1.0
3	842	G	1	1.0
3	471	S	1	1.0
3	667	G	1	1.0
3	906	D	1	1.0
3	584	T	1	1.0
3	662	N	1	1.0
3	554	G	1	0
3	542	S	1	1.0
3	579	E	1	1.0
3	705	S	1	1.0
3	875	T	1	1.0
3	705	A	1	1.0
3	554	C	1	1.0
3	896	A	2	2.0
3	519	L	1	1.0
3	869	R	2	2.0
3	733	V	1	1.0
3	557	A	1	1.0
3	803	D	1	1.0
3	734	N	1	1.0
3	859	R	1	1.0
3	907	F	1	1.0
3	572	D	1	1.0
3	780	S	1	1.0
3	869	E	1	1.0
3	539	R	1	1.0
3	531	V	1	1.0
3	814	D	1	1.0
3	505	L	1	1.0
3	640	T	1	1.0
3	588	Q	1	2.0
3	754	K	1	1.0
3	723	L	4	4.0
3	802	L	1	1.0
3	873	G	1	1.0
3	459	A	1	1.0
3	474	Q	1	1.0
3	493	G	1	1.0
3	578	I	1	1.0
3	850	C	1	1.0
3	800	Q	1	1.0
3	493	A	1	1.0
3	618	V	1	1.0
3	813	C	1	1.0
3	723	A	1	1.0
3	901	M	2	2.0
3	526	C	1	1.0
3	818	D	2	2.0
3	685	S	1	1.0
3	908	P	1	1.0
3	533	V	1	1.0
3	696	V	1	1.0
3	874	A	1	1.0
3	497	N	1	1.0
3	460	G	1	1.0
3	843	I	1	1.0
3	878	N	1	1.0
3	626	S	1	1.0
3	906	T	1	1.0
3	862	V	1	1.0
3	528	K	1	1.0
3	599	V	1	1.0
3	734	R	1	1.0
3	511	L	1	1.0
3	482	A	1	1.0
3	841	G	1	1.0
3	869	A	2	3.0
3	618	H	1	1.0
3	574	V	1	1.0
3	665	Q	1	1.0
3	855	A	1	1.0
3	864	H	1	1.0
3	651	S	1	1.0
3	826	V	3	3.0
3	809	T	1	1.0
3	869	T	1	1.0
3	803	G	1	1.0
3	818	G	1	1.0
3	503	R	1	1.0
3	896	N	2	2.0
3	614	R	1	1.0
3	474	D	4	4.0
3	503	Y	1	1.0
3	503	N	2	2.0
3	474	E	1	1.0
3	726	G	1	1.0
3	513	N	1	1.0
3	501	I	1	1.0
3	466	S	1	1.0
3	655	T	1	1.0
3	704	Q	2	2.0
3	474	S	1	2.0
3	722	I	2	2.0
3	696	S	1	1.0
3	827	E	1	1.0
3	628	T	1	1.0
3	620	G	2	2.0
3	548	M	1	1.0
3	847	T	1	1.0
3	903	I	1	1.0
3	723	T	1	1.0
3	630	D	1	1.0
3	803	N	1	1.0
3	631	Y	1	1.0
3	484	N	1	1.0
3	474	A	1	1.0
3	585	E	2	2.0
3	584	V	4	4.0
3	852	A	1	1.0
3	862	E	1	1.0
3	528	D	2	2.0
3	554	K	2	2.0
3	620	T	1	1.0
3	504	G	1	1.0
3	859	N	1	1.0
3	876	S	1	1.0
3	503	F	1	1.0
3	801	L	1	1.0
3	826	L	1	1.0
3	569	F	1	1.0
3	518	I	1	1.0
3	850	N	1	1.0
3	873	N	1	1.0
4	720	V	1	1
4	856	L	1	1
4	801	L	1	1
4	859	T	1	1
4	503	Y	1	1
4	794	Q	1	1
4	737	G	1	1
4	726	Q	1	1
4	826	L	2	2
4	528	S	1	1
4	862	S	3	3
4	862	V	1	0
4	468	S	1	1
4	503	S	1	1
4	829	A	1	1
4	585	E	1	1
4	869	R	1	1
4	818	Q	2	2
4	630	S	1	1
4	750	Q	1	1
4	877	Q	1	1
4	507	H	1	1
4	627	I	1	1
4	826	N	1	1
4	630	E	1	1
4	765	Q	1	1
4	532	S	1	1
4	896	G	1	1
4	557	E	1	1
4	614	C	1	1
4	492	D	1	1
4	811	L	1	1
4	513	N	1	1
4	726	K	1	1
4	852	A	1	1
4	577	G	1	1
4	858	D	1	1
4	503	N	2	2
4	805	E	1	1
4	668	I	1	1
4	878	H	1	1
4	603	E	1	1
4	584	L	2	2
4	618	A	1	1
4	707	A	1	1
4	459	T	1	1
4	556	Q	1	1
4	818	K	1	1
4	523	D	1	1
4	780	G	1	1
4	722	L	1	1
4	885	A	1	1
4	708	K	1	1
4	788	P	1	1
4	539	A	1	1
4	813	K	1	1
4	611	L	1	1
4	879	N	1	0
4	517	A	1	1
4	623	N	1	1
4	663	N	1	1
4	611	I	1	1
4	466	I	2	2
4	577	E	1	1
4	855	S	2	2
4	599	V	1	1
4	813	R	1	1
4	700	A	1	1
4	579	S	1	1
4	509	D	1	1
4	492	F	1	1
4	742	L	1	1
4	588	S	1	1
4	487	K	1	1
4	704	R	2	2
4	864	M	1	1
4	492	T	1	1
4	460	E	3	3
4	554	K	1	1
4	739	A	1	1
4	623	D	1	1
4	784	A	1	1
4	630	P	1	1
4	620	A	1	1
4	866	D	1	1
4	579	G	1	1
4	896	Y	1	1
4	796	D	1	1
4	557	R	1	0
4	585	Q	1	1
4	811	K	1	1
4	818	D	2	2
4	888	R	1	1
4	870	I	1	1
4	799	R	1	1
4	661	G	1	1
4	579	Q	1	1
4	862	M	1	1
4	677	L	1	1
4	584	M	1	1
4	474	D	1	1
4	557	A	1	1
4	856	Y	1	1
4	526	Q	1	1
4	473	V	1	1
4	813	H	1	1
4	466	V	1	1
4	547	A	1	1
4	572	D	1	1
4	796	P	1	1
4	464	G	1	1
4	588	K	3	3
4	616	K	1	1
4	826	V	2	2
4	809	V	1	1
4	722	I	2	2
4	619	Q	1	1
4	584	V	1	1
4	517	H	1	1
4	582	L	1	1
4	723	V	2	2
4	521	V	1	1
4	896	N	1	1
4	509	T	1	1
4	579	V	1	1
4	770	D	1	1
4	871	M	1	1
4	630	R	1	1
4	521	I	1	1
4	632	S	1	1
4	873	H	1	1
4	896	Q	1	1
4	880	P	1	1
4	569	G	1	1
4	543	T	1	1
4	803	F	1	1
4	457	L	1	1
4	620	N	1	1
4	518	M	1	1
4	474	K	1	1
4	829	I	1	1
4	896	R	1	1
4	855	Q	1	1
4	620	L	1	1
4	802	V	1	1
4	788	M	1	1
4	585	H	1	1
4	589	S	1	1
4	667	L	1	1
4	484	D	1	1
4	633	Q	1	1
4	618	F	3	3
4	634	M	1	1
4	859	Q	1	1
4	614	T	1	1
4	492	R	1	1
4	864	C	1	1
4	588	G	1	1
4	695	I	1	1
4	471	I	1	1
4	629	Q	1	1
4	518	F	1	1
4	589	D	1	1
4	712	D	1	1
4	504	T	1	1
4	787	Y	1	1
4	630	A	1	1
4	851	V	1	1
4	573	V	1	1
4	531	V	1	0
4	759	P	1	1
4	806	A	1	1
4	854	L	1	1
4	514	I	1	1
4	852	N	1	1
4	896	A	1	1
4	896	T	1	1
4	684	D	1	1
4	585	S	1	1
4	782	S	1	1
4	802	S	1	1
4	811	T	1	1
4	858	G	1	1
4	532	H	1	1
4	591	V	1	1
4	576	T	1	1
4	570	N	1	1
4	671	K	1	1
5	589	W	1	1
5	584	V	2	2
5	705	Q	1	1
5	610	P	1	1
5	754	T	2	2
5	622	V	1	1
5	640	S	1	1
5	484	D	1	1
5	816	D	1	1
5	731	V	1	1
5	726	S	1	1
5	573	V	1	1
5	837	E	1	1
5	775	T	1	1
5	557	E	2	2
5	471	K	2	2
5	626	R	2	2
5	556	Q	1	1
5	623	Q	1	1
5	722	F	1	1
5	576	K	1	1
5	855	D	1	1
5	869	A	1	2
5	511	V	1	1
5	590	K	2	2
5	618	F	2	2
5	632	I	1	1
5	538	I	1	1
5	666	N	1	0
5	619	E	1	0
5	854	C	1	1
5	588	L	1	1
5	493	N	1	1
5	740	A	2	2
5	503	D	1	1
5	630	N	1	1
5	809	V	1	1
5	576	V	1	1
5	800	Y	1	1
5	501	V	1	1
5	856	L	1	1
5	826	V	1	1
5	647	K	1	1
5	518	F	1	1
5	479	H	1	1
5	554	K	1	1
5	813	L	1	1
5	460	A	1	1
5	879	N	1	1
5	480	P	1	1
5	569	V	1	1
5	898	V	1	1
5	861	S	1	1
5	620	F	1	1
5	584	N	1	1
5	859	Q	1	1
5	577	E	1	1
5	870	I	1	1
5	554	N	1	1
5	811	V	1	1
5	509	D	2	2
5	623	G	1	1
5	770	W	1	1
5	722	I	1	1
5	480	D	1	1
5	863	S	1	1
5	896	A	1	1
5	630	K	1	1
5	460	I	1	1
5	658	V	1	1
5	534	T	1	1
5	852	H	1	1
5	460	N	1	1
5	474	Q	1	1
5	665	L	1	1
5	826	H	1	1
5	907	C	1	1
5	878	R	1	1
5	722	A	2	2
5	718	S	1	1
5	864	L	1	1
5	471	S	1	1
5	632	S	1	1
5	858	Q	1	1
5	726	D	2	2
5	722	K	1	0
5	801	I	1	1
5	591	L	1	1
5	514	I	1	1
5	555	C	1	1
5	665	Q	1	1
5	852	E	1	1
5	868	R	1	1
5	625	I	1	1
5	811	L	1	1
5	764	N	1	1
5	459	A	1	1
5	550	E	1	1
5	708	A	1	1
5	802	T	1	1
5	496	A	1	1
5	630	E	1	1
5	672	I	1	1
5	482	P	1	1
5	611	Y	1	1
5	616	S	1	1
5	852	G	1	1
5	625	E	1	1
5	826	T	1	0
5	855	A	1	1
5	852	R	1	1
5	568	I	1	1
5	773	D	1	1
5	533	L	1	1
5	896	S	1	1
5	517	S	1	1
5	709	S	1	1
5	864	H	1	1
5	744	I	2	2
5	684	A	1	1
5	539	D	1	1
5	803	I	1	1
5	755	H	1	1
5	526	C	1	1
5	690	I	1	1
5	904	S	1	1
5	869	P	1	1
5	723	V	2	2
5	557	Q	2	2
5	579	P	2	2
5	585	E	2	2
5	723	T	1	1
5	802	L	1	1
5	554	Q	1	1
5	471	A	1	1
5	679	E	1	1
5	856	Y	1	1
5	509	K	1	1
5	521	V	1	0
5	722	L	2	2
5	503	Q	2	2
5	588	E	1	1
5	599	V	1	1
5	903	A	1	0
5	618	L	1	1
5	460	V	1	1
5	864	C	1	1
5	851	D	4	4
5	720	I	1	1
5	733	L	1	1
5	626	N	1	1
5	906	E	1	1
5	896	N	1	1
5	773	N	1	1
5	662	M	1	1
5	633	I	1	0
5	669	V	1	1
5	842	P	1	1
5	745	S	1	1
5	814	S	1	1
5	744	V	1	1
5	592	T	1	1
5	869	S	1	1
5	760	A	1	1
5	503	N	2	2
5	795	K	1	1
5	522	V	1	1
5	539	V	1	1
5	567	R	1	1
5	691	I	1	1
5	704	Y	1	1
5	661	A	1	1
5	460	M	1	1
5	696	S	1	1
5	569	P	1	1
5	545	S	1	1
5	626	I	1	1
5	896	K	1	1
5	620	N	1	1
5	896	T	4	3
6	704	D	1	1
6	629	R	1	1
6	472	H	1	1
6	744	V	1	1
6	810	S	1	1
6	666	S	1	1
6	641	K	1	1
6	803	D	1	1
6	813	E	1	1
6	524	I	1	1
6	621	L	1	1
6	754	N	1	1
6	518	M	1	1
6	778	M	1	1
6	826	V	1	1
6	585	H	1	1
6	492	A	1	1
6	610	G	1	1
6	588	K	4	4
6	775	M	1	1
6	519	N	1	1
6	803	H	1	1
6	811	L	1	1
6	880	C	1	1
6	610	K	1	1
6	503	Y	1	1
6	474	D	1	1
6	616	E	1	1
6	533	Q	1	1
6	618	Q	1	1
6	800	R	1	1
6	796	P	1	1
6	620	D	1	1
6	726	Q	1	1
6	790	M	1	1
6	655	G	1	1
6	889	R	1	1
6	626	R	1	1
6	625	K	1	1
6	860	P	1	1
6	630	P	1	1
6	551	K	1	1
6	623	D	2	2
6	673	A	1	1
6	509	G	1	1
6	722	A	1	1
6	460	V	1	1
6	585	S	1	1
6	796	V	1	1
6	708	G	1	1
6	718	E	1	1
6	855	I	1	1
6	722	M	1	1
6	878	N	1	1
6	539	A	1	1
6	460	G	1	1
6	704	Q	1	1
6	826	L	1	1
6	584	L	1	1
6	481	D	1	1
6	484	A	1	1
6	707	L	1	1
6	521	V	1	1
6	852	N	3	3
6	457	P	1	1
6	847	W	1	1
6	522	S	1	1
6	813	K	1	1
6	869	Q	1	1
6	803	K	1	1
6	632	H	1	1
6	675	V	1	1
6	620	H	1	1
6	814	I	1	1
6	539	H	1	1
6	690	A	1	1
6	750	D	1	1
6	623	E	1	1
6	632	R	1	1
6	517	I	1	1
6	855	S	1	1
6	696	G	1	1
6	513	E	1	1
6	459	N	1	1
6	714	V	1	1
6	632	D	1	1
6	852	E	3	3
6	572	T	1	1
6	818	A	1	1
6	460	N	1	1
6	611	L	2	2
6	579	S	1	1
6	829	A	1	1
6	553	G	1	1
6	618	K	1	1
6	554	T	1	1
6	676	I	1	1
6	764	N	1	1
6	810	R	1	1
6	577	Q	1	0
6	722	R	1	1
6	533	V	1	1
6	585	E	3	3
6	707	I	1	1
6	860	F	1	1
6	789	A	1	1
6	723	N	1	1
6	626	E	2	2
6	769	T	1	1
6	620	N	1	1
6	620	A	1	1
6	474	G	1	1
6	620	T	1	1
6	460	E	2	2
6	656	V	1	1
6	903	L	1	1
6	826	T	1	0
6	852	D	1	2
6	511	T	1	1
6	518	P	1	1
6	618	E	1	1
6	468	G	1	1
6	632	K	1	1
6	557	R	1	1
6	862	T	1	1
6	717	V	1	1
6	818	D	1	1
6	835	E	1	1
6	878	D	1	1
6	611	Y	1	1
6	896	A	1	1
6	484	Q	1	1
6	554	Q	1	1
6	853	M	1	1
6	482	R	1	1
6	467	E	1	1
6	454	E	1	1
6	726	N	1	1
6	878	E	1	1
6	877	A	1	1
6	842	E	1	1
6	723	V	2	2
6	468	T	1	1
6	704	Y	2	2
6	513	S	1	1
6	878	R	2	2
6	774	T	1	1
6	784	M	1	1
6	633	I	2	2
6	665	L	1	1
6	545	P	1	1
6	657	H	1	1
6	514	G	1	1
6	869	R	5	4
6	513	N	1	1
6	577	G	1	1
6	723	A	1	1
6	517	N	1	1
6	906	P	1	1
6	573	I	1	1
6	710	R	1	1
6	679	R	1	1
6	508	A	1	1
6	814	K	1	1
6	482	W	1	1
6	729	H	1	1
6	684	G	1	1
6	584	V	2	1
6	482	D	1	1
6	776	N	1	1
6	584	N	1	1
6	799	N	1	1
6	484	R	1	1
6	614	V	1	1
6	541	T	1	1
6	813	H	1	1
6	457	R	1	1
6	857	R	1	0
6	532	C	1	1
6	539	T	1	1
6	901	W	1	1
6	492	W	1	1
6	827	E	1	1
6	578	I	2	2
6	774	K	1	1
6	527	E	1	1
6	813	I	1	1
6	723	M	1	1
6	758	H	1	1
6	707	T	1	1
6	511	V	1	1
6	503	R	1	1
6	852	G	1	1
6	857	A	1	1
6	526	T	1	1
6	862	V	1	1
6	813	L	1	1
7	722	A	1	1
7	576	V	1	1
7	737	K	1	1
7	571	M	1	1
7	669	Q	1	1
7	464	E	1	1
7	557	N	1	1
7	892	H	1	1
7	555	I	1	1
7	818	Q	1	1
7	859	T	1	1
7	801	I	1	1
7	704	Q	1	1
7	723	L	3	3
7	856	P	1	1
7	827	N	1	1
7	847	A	1	1
7	611	L	1	1
7	869	E	1	1
7	684	K	1	1
7	460	N	1	1
7	858	Q	1	0
7	509	S	1	1
7	474	K	2	2
7	514	V	1	0
7	514	S	1	1
7	585	K	1	1
7	632	P	2	2
7	708	P	2	2
7	539	L	1	1
7	669	G	1	1
7	460	Q	1	1
7	723	T	2	1
7	527	E	1	1
7	896	C	1	1
7	533	L	1	1
7	878	R	1	1
7	519	Q	1	1
7	898	L	1	1
7	632	A	1	1
7	858	D	1	1
7	589	D	1	1
7	850	F	1	1
7	742	Y	1	1
7	906	V	1	1
7	770	Q	1	1
7	514	I	2	2
7	474	G	1	1
7	689	Q	1	1
7	729	K	1	1
7	882	D	1	1
7	809	F	1	1
7	852	N	2	2
7	537	R	1	1
7	723	P	1	1
7	518	E	1	1
7	557	R	1	0
7	749	V	1	1
7	584	L	1	1
7	504	A	1	1
7	896	L	1	1
7	723	V	2	2
7	896	G	1	1
7	471	V	1	1
7	503	R	1	1
7	520	A	1	1
7	584	T	1	1
7	903	L	1	1
7	579	T	1	1
7	813	H	1	0
7	620	V	1	1
7	620	Y	1	1
7	470	A	1	1
7	512	Q	1	1
7	791	R	1	1
7	588	S	1	1
7	630	E	1	1
7	509	Y	1	1
7	810	S	1	1
7	829	I	1	1
7	880	M	1	0
7	811	L	1	1
7	618	C	2	2
7	518	A	1	1
7	460	E	2	2
7	636	V	1	1
7	850	G	1	1
7	632	S	1	1
7	485	A	1	1
7	518	L	1	1
7	803	A	1	1
7	585	N	1	1
7	585	E	3	3
7	896	T	1	1
7	474	T	1	1
7	501	W	1	1
7	625	I	1	1
7	726	D	1	1
7	826	L	2	2
7	518	V	2	1
7	474	N	1	1
7	725	M	1	1
7	843	V	1	1
7	854	R	1	1
7	665	Y	1	1
7	630	H	1	1
7	467	N	1	1
7	827	T	1	1
7	459	L	1	1
7	558	A	1	1
7	459	H	1	1
7	618	V	1	1
7	852	E	3	3
7	879	K	1	1
7	794	L	1	1
7	812	P	1	1
7	842	C	1	1
7	590	K	1	1
7	518	M	1	1
7	790	L	1	1
7	855	Q	1	1
7	837	E	1	1
7	630	K	1	1
7	516	G	1	1
7	527	N	1	0
7	511	V	1	1
7	630	R	1	1
7	474	D	5	5
7	518	K	1	1
7	809	V	1	0
7	631	Y	1	1
7	906	P	1	1
7	829	G	1	1
7	570	E	1	1
7	855	T	1	1
7	852	L	1	1
7	705	T	1	1
7	907	H	1	1
7	869	P	1	1
7	818	M	1	1
7	489	R	1	1
7	841	K	1	1
7	813	K	1	1
7	852	D	1	1
7	572	D	1	1
7	574	V	1	1
7	555	S	1	1
7	629	L	1	1
7	828	M	1	1
7	803	G	1	1
7	631	V	1	1
7	722	L	2	2
7	796	V	1	1
7	620	P	1	1
7	896	A	1	1
7	722	G	1	1
7	855	S	1	1
7	864	F	1	1
7	510	G	1	1
7	620	Q	1	1
7	697	S	1	1
7	826	M	2	2
7	517	A	1	1
7	797	T	1	1
7	620	L	1	1
7	618	L	1	1
7	627	M	1	1
7	468	I	1	1
7	620	N	1	1
7	817	S	1	1
7	620	T	1	1
7	898	T	1	1
7	869	Q	2	2
7	636	A	1	1
7	799	R	2	2
8	870	V	1	1
8	539	T	1	1
8	803	V	1	1
8	468	S	1	1
8	723	V	4	4
8	896	N	1	1
8	491	I	1	1
8	627	M	1	1
8	841	V	1	1
8	623	Q	1	1
8	623	V	1	1
8	611	M	1	1
8	901	V	1	1
8	620	N	4	4
8	717	K	1	1
8	750	A	1	1
8	539	A	1	1
8	844	P	1	1
8	614	P	1	1
8	487	R	1	1
8	663	S	1	1
8	504	A	1	1
8	620	T	2	2
8	464	G	1	1
8	631	L	1	1
8	860	I	1	1
8	701	Q	1	1
8	878	Q	1	1
8	826	L	1	1
8	598	L	1	1
8	599	V	1	1
8	481	L	1	1
8	684	K	1	1
8	664	V	1	1
8	548	V	1	1
8	898	V	1	1
8	614	G	1	1
8	577	K	1	1
8	879	N	1	1
8	861	Q	1	1
8	722	A	1	1
8	526	A	1	1
8	684	D	1	1
8	618	D	1	1
8	630	E	1	1
8	603	N	1	1
8	731	L	1	1
8	579	T	1	1
8	858	A	1	1
8	826	T	2	2
8	474	Q	1	1
8	632	V	1	1
8	509	T	1	1
8	796	T	2	2
8	622	V	2	2
8	904	N	1	1
8	898	L	1	1
8	557	S	1	1
8	513	G	1	1
8	554	Q	1	1
8	873	S	1	1
8	626	Q	1	1
8	896	T	1	1
8	890	E	1	1
8	629	R	1	1
8	460	G	1	2
8	855	E	1	1
8	733	Y	1	1
8	532	S	1	1
8	499	Q	1	1
8	630	P	1	1
8	842	T	1	1
8	584	V	3	3
8	739	A	1	1
8	537	T	1	1
8	862	S	1	1
8	501	V	1	1
8	717	L	1	1
8	533	V	2	2
8	878	E	1	1
8	843	Q	1	1
8	474	S	1	1
8	880	A	1	1
8	806	I	1	1
8	495	A	1	1
8	644	S	1	1
8	814	D	1	1
8	853	K	1	1
8	519	D	1	1
8	723	I	1	0
8	513	N	1	1
8	726	K	1	1
8	466	Q	1	1
8	723	L	1	1
8	722	L	1	1
8	843	S	1	1
8	744	F	1	1
8	573	G	1	1
8	802	L	1	1
8	460	E	3	3
8	585	E	3	3
8	534	V	1	1
8	755	D	1	1
8	896	A	1	1
8	474	D	2	2
8	504	N	1	1
8	671	A	1	1
8	764	Q	1	1
8	803	Q	1	1
8	469	V	1	1
8	663	L	1	1
8	650	E	1	1
8	622	T	1	1
8	811	F	1	1
8	878	R	2	2
8	795	S	1	1
8	662	G	1	1
8	741	C	1	1
8	554	T	1	1
8	803	A	1	1
8	633	I	1	1
8	708	N	1	1
8	801	L	1	1
8	675	D	1	1
8	528	Q	1	1
8	573	K	1	1
8	869	R	1	1
8	620	R	1	1
8	590	K	4	4
8	813	P	1	1
8	603	E	1	1
8	501	Y	1	1
8	454	H	1	1
8	554	A	1	1
8	883	A	1	1
8	619	R	1	1
8	852	E	1	0
8	570	Q	1	1
8	626	R	1	1
8	770	Q	1	1
8	532	T	1	1
8	527	G	1	1
8	797	T	1	1
8	503	Q	1	1
8	626	N	1	1
8	471	S	1	2
8	492	A	1	1
8	466	F	2	2
8	632	D	1	1
8	630	H	1	1
8	852	N	3	3
8	722	T	1	1
8	662	A	1	1
8	614	V	1	1
8	726	G	1	1
8	684	G	1	1
8	629	H	1	1
8	907	H	1	1
8	625	I	2	2
8	707	L	1	1
8	809	V	1	1
8	630	R	2	2
8	466	E	1	1
8	531	F	1	1
8	892	I	1	1
8	788	M	1	1
8	630	K	2	2
8	564	A	1	1
8	518	I	1	1
8	509	D	1	1
8	662	Q	1	1
8	588	K	1	1
8	714	V	1	1
8	852	H	1	1
8	817	H	1	1
8	878	K	1	0
8	837	W	1	1
8	685	Q	1	1
8	860	H	1	1
8	813	G	1	1
8	696	R	1	1
8	557	R	1	1
8	826	S	1	1
8	883	R	1	1
8	611	I	1	1
8	744	H	1	1
8	464	E	1	1
8	826	V	1	1
8	518	A	1	1
8	588	C	1	1
8	503	Y	1	1
8	572	D	2	2
8	507	H	1	1
8	553	F	1	1
8	800	T	1	1
8	665	Q	1	1
8	750	D	1	1
8	618	F	1	1
8	533	A	1	1
8	585	N	1	1
8	496	N	1	1
8	473	M	1	1
8	722	E	1	1
8	554	S	2	2
8	842	P	1	1
8	471	A	1	1
8	813	D	1	1
8	537	L	1	1
8	576	G	1	1
8	696	S	1	1
8	519	I	1	1
8	818	D	1	1
8	726	D	1	1
9	599	V	1	1
9	620	A	1	1
9	503	R	1	1
9	528	D	1	1
9	633	I	1	1
9	614	S	1	1
9	504	E	2	2
9	722	G	1	1
9	482	G	1	1
9	603	S	2	2
9	491	A	1	1
9	557	R	3	3
9	733	I	1	1
9	589	K	1	1
9	813	K	2	2
9	503	N	2	2
9	767	S	1	1
9	584	V	2	2
9	531	P	1	1
9	851	K	1	1
9	818	D	1	1
9	585	H	1	1
9	864	F	1	1
9	852	E	1	1
9	842	E	1	1
9	813	N	1	1
9	611	S	1	1
9	907	F	1	1
9	578	I	1	1
9	710	G	1	1
9	460	E	1	1
9	897	H	1	1
9	541	T	1	1
9	494	I	1	1
9	708	A	1	1
9	630	E	2	2
9	722	A	1	1
9	675	D	1	1
9	492	N	1	1
9	665	Y	1	1
9	726	D	1	1
9	620	N	1	1
9	511	V	1	1
9	625	I	1	0
9	805	N	1	1
9	878	R	1	1
9	594	T	1	1
9	496	A	1	1
9	578	L	1	1
9	715	S	1	1
9	474	D	1	1
9	690	H	1	1
9	519	Q	1	1
9	814	K	1	1
9	614	I	1	0
9	826	F	1	1
9	585	E	1	1
9	614	M	1	1
9	627	I	2	2
9	480	V	1	1
9	826	V	2	1
9	618	F	1	1
9	519	G	1	1
9	588	G	1	1
9	869	P	1	1
9	823	K	1	1
9	629	Q	1	1
9	813	E	1	1
9	455	L	1	1
9	880	V	1	1
9	813	P	1	1
9	813	H	1	1
9	492	P	1	1
9	493	A	2	1
9	471	S	3	3
9	810	R	1	1
9	590	W	1	1
9	896	V	1	1
9	806	M	1	1
9	723	V	1	1
9	826	C	1	1
9	865	D	2	2
9	858	D	1	1
9	663	S	1	1
9	572	S	1	1
9	713	Y	1	1
9	491	F	1	1
9	554	T	1	1
9	611	E	1	1
9	761	V	1	1
9	896	G	1	1
9	630	D	2	2
9	457	V	1	1
9	681	V	1	1
9	869	S	1	1
9	493	D	1	1
9	896	C	1	1
9	503	Q	1	1
9	869	R	1	1
9	759	H	1	1
9	630	S	1	1
9	723	T	1	1
9	841	V	1	1
9	472	S	1	1
9	811	R	1	1
9	903	I	1	1
9	811	L	1	0
9	558	S	1	1
9	801	I	1	1
9	620	C	1	1
9	632	A	1	1
9	826	S	1	1
9	741	D	1	1
9	573	V	1	1
9	544	F	1	1
9	584	T	1	1
9	524	M	1	1
9	722	I	1	1
9	894	H	1	1
9	614	T	1	1
9	722	L	1	1
9	579	T	1	1
9	870	P	1	1
9	864	E	1	1
9	811	S	1	1
9	723	L	1	1
9	554	I	1	1
9	614	G	1	1
9	554	G	1	1
9	723	I	1	1
9	611	Y	1	1
9	476	C	1	1
9	482	P	1	1
9	709	A	1	1
9	850	A	2	2
9	832	S	1	1
9	662	N	2	2
9	460	N	1	1
9	460	Y	1	1
9	630	H	1	1
9	588	K	1	1
9	882	N	1	1
9	744	M	1	1
9	852	G	1	1
9	803	K	1	1
9	806	L	1	1
9	726	Q	1	1
9	567	Q	1	1
9	811	V	1	1
9	630	K	1	1
9	517	A	1	1
9	705	H	1	1
9	554	Q	1	1
9	689	H	1	1
9	865	A	1	1
9	826	T	1	1
9	517	S	1	1
9	837	E	1	1
9	803	D	1	1
9	471	R	1	0
9	813	D	1	1
9	826	L	1	1
9	618	I	2	2
9	808	T	1	1
9	880	M	1	1
9	805	E	1	1
9	806	I	1	1
9	495	A	1	1
10	573	V	1	1
10	616	R	1	1
10	833	V	1	1
10	863	D	1	1
10	829	S	1	1
10	708	S	1	1
10	809	T	1	1
10	782	P	1	1
10	563	T	1	1
10	800	Y	1	1
10	880	F	1	1
10	491	I	1	1
10	557	N	1	1
10	809	V	2	2
10	806	A	1	1
10	454	E	1	1
10	733	T	1	1
10	658	H	1	1
10	611	V	1	1
10	518	S	2	2
10	625	L	1	1
10	890	K	1	1
10	892	G	1	0
10	577	G	1	1
10	460	K	1	1
10	788	K	1	1
10	466	M	1	1
10	865	D	1	1
10	864	H	1	1
10	501	L	1	1
10	904	Y	1	1
10	518	V	1	1
10	665	L	1	1
10	620	G	2	2
10	806	I	1	1
10	723	V	1	1
10	826	M	1	1
10	505	L	1	1
10	620	K	1	1
10	721	V	1	1
10	873	N	1	1
10	864	S	1	1
10	611	I	1	1
10	708	A	1	1
10	860	V	1	1
10	851	D	1	1
10	630	A	1	1
10	524	S	1	1
10	531	S	1	1
10	625	A	1	0
10	501	T	1	1
10	854	T	1	1
10	801	L	1	1
10	696	S	2	1
10	620	E	1	1
10	599	F	1	1
10	814	D	1	1
10	618	G	1	1
10	471	M	1	1
10	492	G	1	1
10	754	V	1	1
10	803	D	2	2
10	851	Q	1	1
10	847	A	1	1
10	826	T	1	1
10	855	A	1	1
10	620	A	1	1
10	618	L	1	1
10	658	T	1	1
10	519	Q	1	1
10	802	V	1	1
10	680	T	1	1
10	474	Q	1	1
10	880	I	1	1
10	480	D	1	1
10	611	Y	1	1
10	468	G	1	1
10	503	R	2	2
10	896	N	2	2
10	708	N	1	1
10	620	F	1	1
10	460	E	2	2
10	722	N	1	1
10	744	I	1	1
10	896	P	1	1
10	528	D	1	1
10	537	V	1	1
10	842	S	1	1
10	514	I	1	1
10	733	L	1	1
10	602	G	1	1
10	723	L	1	1
10	495	I	1	1
10	466	F	1	1
10	557	T	1	1
10	783	R	1	1
10	697	T	1	1
10	584	L	2	2
10	630	E	2	2
10	859	Y	1	1
10	614	K	1	1
10	842	D	1	1
10	467	E	1	1
10	618	R	1	1
10	509	D	1	1
10	860	S	1	1
10	896	E	1	1
10	492	A	2	2
10	829	A	1	0
10	869	Q	1	1
10	514	L	1	1
10	620	D	1	1
10	630	L	1	1
10	855	R	1	1
10	880	Y	1	1
10	630	I	1	1
10	850	A	1	1
10	810	L	1	1
10	555	I	1	1
10	554	I	1	1
10	504	E	1	1
10	495	A	1	1
10	619	E	1	1
10	521	M	1	1
10	873	K	1	1
10	474	A	1	1
10	813	P	1	1
10	592	S	1	1
10	503	E	1	1
10	813	R	1	1
10	633	L	1	1
10	864	F	1	1
10	896	L	2	2
10	622	S	1	1
10	485	Q	1	1
10	554	K	1	1
10	764	A	1	0
10	876	A	1	1
10	532	F	1	1
10	794	L	1	1
10	623	Q	1	1
10	901	Q	1	1
10	801	I	1	1
10	878	E	1	1
10	794	V	1	1
10	826	V	2	2
10	665	G	1	1
10	896	I	1	1
10	859	D	1	1
10	518	P	1	1
10	588	K	1	0
10	527	E	1	1
10	820	A	1	1
10	517	S	1	1
10	722	A	1	1
10	486	G	1	1
10	829	K	1	1
10	471	V	1	1
10	770	Q	1	1
10	761	T	1	1
10	585	E	2	2
10	855	K	1	1
10	862	T	2	2
10	751	F	1	1
10	818	L	1	1
10	855	L	1	1
10	811	L	1	0
10	607	M	1	1
10	620	T	3	3
10	646	A	1	1
10	869	R	1	1
10	588	N	1	1
10	792	V	1	1
10	579	V	1	1
10	866	Q	1	1
10	584	I	1	1
10	584	V	3	3
10	611	S	1	1
10	855	Y	1	1
10	847	M	1	1
10	903	M	1	1
10	584	K	1	1
10	513	H	1	1
10	495	S	1	1
10	471	S	1	1
10	717	I	1	1
10	620	Q	1	1
10	579	S	1	1
10	764	S	1	1
10	852	E	4	4
10	517	N	1	1
10	632	C	1	1
10	626	R	1	1
10	641	K	1	1
10	896	A	1	1
10	774	T	1	1
10	561	I	1	1
10	531	V	1	1
